1 2
0 0 0 0               /ntest,ncon,nrestart,nresave
1 0.25 0              /nsmoo,smoo,nsmfun
1 1 2                 /nout,ninit,initdir
1 41 1               /npr,npdis,ntprint
1
431	
1081	
410	
1080
389	
1079	
368	
1078
347	
1077	
326	
1076
305	
1075	
284	
1074
263	
1073	
242	
1072
221	
1071	
200	
1070
179	
1069	
158	
1068
137	
1067	
116	
1066
95	
1065	
74	
1064
53	
1063	
32	
1062
11							
3                   /nint
3
1                
1
40 1.0d0 0.0d0
40 1.0d0 0.0d0
2
1
0.0d0 0.0d0
0.01d0 0.5d0 0.75d0
16 81 25         /numeleim,nndim,nndaim 
1681 0            /nndfsi1
4 441              /nndfsia1
0
9 9                   /(nis(i),i=1,ignum)
400 0                 /(numele(i),i=1,ignum)
0
0 4 0 0              /numskew,numgb,intnum,numct
111111
119
881	
400	
880
379	
879	
358	
878
337	
877	
316	
876
295	
875	
274	
874
253	
873	
232	
872
211	
871	
190	
870
169	
869	
148	
868
127	
867	
106	
866
85	
865	
64	
864
43	
863	
22	
862	
1	
442	
2	
443
3	
444	
4	
445
5	
446	
6	
447
7   
448	
8	
449	
9   
450 
10	
451	
11	
452 
12	
453	
13	
454 
14  
455	
15	
456 
16	
457 
17	
458	
18	
459 
19	
460	
20	
461 
21
1262	
42	
1263	
63
1264	
84	
1265	
105
1266	
126	
1267	
147
1268	
168	
1269	
189
1270	
210	
1271	
231
1272	
252	
1273	
273
1274	
294	
1275	
315
1276	
336	
1277	
357
1278	
378	
1279	
399
1280	
420	
1281				
121111
41
421	
842	
422
843	
423	
844	
424
845	
425	
846	
426
847	
427	
848	
428
849
429	
850	
430
851	
431	
852	
432
853	
433	
854	
434
855	
435	
856	
436
857	
437	
858	
438
859	
439	
860	
440
861	
441
112111
41
421	
842	
422
843	
423	
844	
424
845	
425	
846	
426
847	
427	
848	
428
849
429	
850	
430
851	
431	
852	
432
853	
433	
854	
434
855	
435	
856	
436
857	
437	
858	
438
859	
439	
860	
440
861	
441
222222
1
1
2.1d7 1.0d3 1.0d3          /fbulk,falph,fdensi
3                           /nstr
2.0d2 1.0d2 1.0d5 1000.0d0 /rc1,rc2,rk,sdensi
0 0                         /iflag nales
2
1 1
0.01 300                    /dt,nts,ntfun
1                           /nina
0.25d0 0.5d0
0 0                         /numfn,numeb
0.0d0 0.0d0                  /fbacc(1),fbacc(2)
1                            /nfuns(i)
1 
0 1                          /nale,nnorm 
200                          /miter
1.0D-5 1.0D-5 1.0d0 1.0D0   /tolu,tolp,unorm,pnorm,
1.0d0 0






