           1   0.0000000000000000        0.0000000000000000     
           2   5.0000000000000003E-002   0.0000000000000000     
           3  0.10000000000000001        0.0000000000000000     
           4  0.14999999999999999        0.0000000000000000     
           5  0.20000000000000001        0.0000000000000000     
           6  0.25000000000000000        0.0000000000000000     
           7  0.29999999999999999        0.0000000000000000     
           8  0.34999999999999998        0.0000000000000000     
           9  0.40000000000000002        0.0000000000000000     
          10  0.45000000000000001        0.0000000000000000     
          11  0.50000000000000000        0.0000000000000000     
          12  0.55000000000000004        0.0000000000000000     
          13  0.59999999999999998        0.0000000000000000     
          14  0.65000000000000002        0.0000000000000000     
          15  0.69999999999999996        0.0000000000000000     
          16  0.75000000000000000        0.0000000000000000     
          17  0.80000000000000004        0.0000000000000000     
          18  0.84999999999999998        0.0000000000000000     
          19  0.90000000000000002        0.0000000000000000     
          20  0.94999999999999996        0.0000000000000000     
          21   1.0000000000000000        0.0000000000000000     
          22   0.0000000000000000        5.0000000000000003E-002
          23   5.0000000000000003E-002   5.0000000000000003E-002
          24  0.10000000000000001        5.0000000000000003E-002
          25  0.14999999999999999        5.0000000000000003E-002
          26  0.20000000000000001        5.0000000000000003E-002
          27  0.25000000000000000        5.0000000000000003E-002
          28  0.29999999999999999        5.0000000000000003E-002
          29  0.34999999999999998        5.0000000000000003E-002
          30  0.40000000000000002        5.0000000000000003E-002
          31  0.45000000000000001        5.0000000000000003E-002
          32  0.50000000000000000        5.0000000000000003E-002
          33  0.55000000000000004        5.0000000000000003E-002
          34  0.59999999999999998        5.0000000000000003E-002
          35  0.65000000000000002        5.0000000000000003E-002
          36  0.69999999999999996        5.0000000000000003E-002
          37  0.75000000000000000        5.0000000000000003E-002
          38  0.80000000000000004        5.0000000000000003E-002
          39  0.84999999999999998        5.0000000000000003E-002
          40  0.90000000000000002        5.0000000000000003E-002
          41  0.94999999999999996        5.0000000000000003E-002
          42   1.0000000000000000        5.0000000000000003E-002
          43   0.0000000000000000       0.10000000000000001     
          44   5.0000000000000003E-002  0.10000000000000001     
          45  0.10000000000000001       0.10000000000000001     
          46  0.14999999999999999       0.10000000000000001     
          47  0.20000000000000001       0.10000000000000001     
          48  0.25000000000000000       0.10000000000000001     
          49  0.29999999999999999       0.10000000000000001     
          50  0.34999999999999998       0.10000000000000001     
          51  0.40000000000000002       0.10000000000000001     
          52  0.45000000000000001       0.10000000000000001     
          53  0.50000000000000000       0.10000000000000001     
          54  0.55000000000000004       0.10000000000000001     
          55  0.59999999999999998       0.10000000000000001     
          56  0.65000000000000002       0.10000000000000001     
          57  0.69999999999999996       0.10000000000000001     
          58  0.75000000000000000       0.10000000000000001     
          59  0.80000000000000004       0.10000000000000001     
          60  0.84999999999999998       0.10000000000000001     
          61  0.90000000000000002       0.10000000000000001     
          62  0.94999999999999996       0.10000000000000001     
          63   1.0000000000000000       0.10000000000000001     
          64   0.0000000000000000       0.14999999999999999     
          65   5.0000000000000003E-002  0.14999999999999999     
          66  0.10000000000000001       0.14999999999999999     
          67  0.14999999999999999       0.14999999999999999     
          68  0.20000000000000001       0.14999999999999999     
          69  0.25000000000000000       0.14999999999999999     
          70  0.29999999999999999       0.14999999999999999     
          71  0.34999999999999998       0.14999999999999999     
          72  0.40000000000000002       0.14999999999999999     
          73  0.45000000000000001       0.14999999999999999     
          74  0.50000000000000000       0.14999999999999999     
          75  0.55000000000000004       0.14999999999999999     
          76  0.59999999999999998       0.14999999999999999     
          77  0.65000000000000002       0.14999999999999999     
          78  0.69999999999999996       0.14999999999999999     
          79  0.75000000000000000       0.14999999999999999     
          80  0.80000000000000004       0.14999999999999999     
          81  0.84999999999999998       0.14999999999999999     
          82  0.90000000000000002       0.14999999999999999     
          83  0.94999999999999996       0.14999999999999999     
          84   1.0000000000000000       0.14999999999999999     
          85   0.0000000000000000       0.20000000000000001     
          86   5.0000000000000003E-002  0.20000000000000001     
          87  0.10000000000000001       0.20000000000000001     
          88  0.14999999999999999       0.20000000000000001     
          89  0.20000000000000001       0.20000000000000001     
          90  0.25000000000000000       0.20000000000000001     
          91  0.29999999999999999       0.20000000000000001     
          92  0.34999999999999998       0.20000000000000001     
          93  0.40000000000000002       0.20000000000000001     
          94  0.45000000000000001       0.20000000000000001     
          95  0.50000000000000000       0.20000000000000001     
          96  0.55000000000000004       0.20000000000000001     
          97  0.59999999999999998       0.20000000000000001     
          98  0.65000000000000002       0.20000000000000001     
          99  0.69999999999999996       0.20000000000000001     
         100  0.75000000000000000       0.20000000000000001     
         101  0.80000000000000004       0.20000000000000001     
         102  0.84999999999999998       0.20000000000000001     
         103  0.90000000000000002       0.20000000000000001     
         104  0.94999999999999996       0.20000000000000001     
         105   1.0000000000000000       0.20000000000000001     
         106   0.0000000000000000       0.25000000000000000     
         107   5.0000000000000003E-002  0.25000000000000000     
         108  0.10000000000000001       0.25000000000000000     
         109  0.14999999999999999       0.25000000000000000     
         110  0.20000000000000001       0.25000000000000000     
         111  0.25000000000000000       0.25000000000000000     
         112  0.29999999999999999       0.25000000000000000     
         113  0.34999999999999998       0.25000000000000000     
         114  0.40000000000000002       0.25000000000000000     
         115  0.45000000000000001       0.25000000000000000     
         116  0.50000000000000000       0.25000000000000000     
         117  0.55000000000000004       0.25000000000000000     
         118  0.59999999999999998       0.25000000000000000     
         119  0.65000000000000002       0.25000000000000000     
         120  0.69999999999999996       0.25000000000000000     
         121  0.75000000000000000       0.25000000000000000     
         122  0.80000000000000004       0.25000000000000000     
         123  0.84999999999999998       0.25000000000000000     
         124  0.90000000000000002       0.25000000000000000     
         125  0.94999999999999996       0.25000000000000000     
         126   1.0000000000000000       0.25000000000000000     
         127   0.0000000000000000       0.29999999999999999     
         128   5.0000000000000003E-002  0.29999999999999999     
         129  0.10000000000000001       0.29999999999999999     
         130  0.14999999999999999       0.29999999999999999     
         131  0.20000000000000001       0.29999999999999999     
         132  0.25000000000000000       0.29999999999999999     
         133  0.29999999999999999       0.29999999999999999     
         134  0.34999999999999998       0.29999999999999999     
         135  0.40000000000000002       0.29999999999999999     
         136  0.45000000000000001       0.29999999999999999     
         137  0.50000000000000000       0.29999999999999999     
         138  0.55000000000000004       0.29999999999999999     
         139  0.59999999999999998       0.29999999999999999     
         140  0.65000000000000002       0.29999999999999999     
         141  0.69999999999999996       0.29999999999999999     
         142  0.75000000000000000       0.29999999999999999     
         143  0.80000000000000004       0.29999999999999999     
         144  0.84999999999999998       0.29999999999999999     
         145  0.90000000000000002       0.29999999999999999     
         146  0.94999999999999996       0.29999999999999999     
         147   1.0000000000000000       0.29999999999999999     
         148   0.0000000000000000       0.34999999999999998     
         149   5.0000000000000003E-002  0.34999999999999998     
         150  0.10000000000000001       0.34999999999999998     
         151  0.14999999999999999       0.34999999999999998     
         152  0.20000000000000001       0.34999999999999998     
         153  0.25000000000000000       0.34999999999999998     
         154  0.29999999999999999       0.34999999999999998     
         155  0.34999999999999998       0.34999999999999998     
         156  0.40000000000000002       0.34999999999999998     
         157  0.45000000000000001       0.34999999999999998     
         158  0.50000000000000000       0.34999999999999998     
         159  0.55000000000000004       0.34999999999999998     
         160  0.59999999999999998       0.34999999999999998     
         161  0.65000000000000002       0.34999999999999998     
         162  0.69999999999999996       0.34999999999999998     
         163  0.75000000000000000       0.34999999999999998     
         164  0.80000000000000004       0.34999999999999998     
         165  0.84999999999999998       0.34999999999999998     
         166  0.90000000000000002       0.34999999999999998     
         167  0.94999999999999996       0.34999999999999998     
         168   1.0000000000000000       0.34999999999999998     
         169   0.0000000000000000       0.40000000000000002     
         170   5.0000000000000003E-002  0.40000000000000002     
         171  0.10000000000000001       0.40000000000000002     
         172  0.14999999999999999       0.40000000000000002     
         173  0.20000000000000001       0.40000000000000002     
         174  0.25000000000000000       0.40000000000000002     
         175  0.29999999999999999       0.40000000000000002     
         176  0.34999999999999998       0.40000000000000002     
         177  0.40000000000000002       0.40000000000000002     
         178  0.45000000000000001       0.40000000000000002     
         179  0.50000000000000000       0.40000000000000002     
         180  0.55000000000000004       0.40000000000000002     
         181  0.59999999999999998       0.40000000000000002     
         182  0.65000000000000002       0.40000000000000002     
         183  0.69999999999999996       0.40000000000000002     
         184  0.75000000000000000       0.40000000000000002     
         185  0.80000000000000004       0.40000000000000002     
         186  0.84999999999999998       0.40000000000000002     
         187  0.90000000000000002       0.40000000000000002     
         188  0.94999999999999996       0.40000000000000002     
         189   1.0000000000000000       0.40000000000000002     
         190   0.0000000000000000       0.45000000000000001     
         191   5.0000000000000003E-002  0.45000000000000001     
         192  0.10000000000000001       0.45000000000000001     
         193  0.14999999999999999       0.45000000000000001     
         194  0.20000000000000001       0.45000000000000001     
         195  0.25000000000000000       0.45000000000000001     
         196  0.29999999999999999       0.45000000000000001     
         197  0.34999999999999998       0.45000000000000001     
         198  0.40000000000000002       0.45000000000000001     
         199  0.45000000000000001       0.45000000000000001     
         200  0.50000000000000000       0.45000000000000001     
         201  0.55000000000000004       0.45000000000000001     
         202  0.59999999999999998       0.45000000000000001     
         203  0.65000000000000002       0.45000000000000001     
         204  0.69999999999999996       0.45000000000000001     
         205  0.75000000000000000       0.45000000000000001     
         206  0.80000000000000004       0.45000000000000001     
         207  0.84999999999999998       0.45000000000000001     
         208  0.90000000000000002       0.45000000000000001     
         209  0.94999999999999996       0.45000000000000001     
         210   1.0000000000000000       0.45000000000000001     
         211   0.0000000000000000       0.50000000000000000     
         212   5.0000000000000003E-002  0.50000000000000000     
         213  0.10000000000000001       0.50000000000000000     
         214  0.14999999999999999       0.50000000000000000     
         215  0.20000000000000001       0.50000000000000000     
         216  0.25000000000000000       0.50000000000000000     
         217  0.29999999999999999       0.50000000000000000     
         218  0.34999999999999998       0.50000000000000000     
         219  0.40000000000000002       0.50000000000000000     
         220  0.45000000000000001       0.50000000000000000     
         221  0.50000000000000000       0.50000000000000000     
         222  0.55000000000000004       0.50000000000000000     
         223  0.59999999999999998       0.50000000000000000     
         224  0.65000000000000002       0.50000000000000000     
         225  0.69999999999999996       0.50000000000000000     
         226  0.75000000000000000       0.50000000000000000     
         227  0.80000000000000004       0.50000000000000000     
         228  0.84999999999999998       0.50000000000000000     
         229  0.90000000000000002       0.50000000000000000     
         230  0.94999999999999996       0.50000000000000000     
         231   1.0000000000000000       0.50000000000000000     
         232   0.0000000000000000       0.55000000000000004     
         233   5.0000000000000003E-002  0.55000000000000004     
         234  0.10000000000000001       0.55000000000000004     
         235  0.14999999999999999       0.55000000000000004     
         236  0.20000000000000001       0.55000000000000004     
         237  0.25000000000000000       0.55000000000000004     
         238  0.29999999999999999       0.55000000000000004     
         239  0.34999999999999998       0.55000000000000004     
         240  0.40000000000000002       0.55000000000000004     
         241  0.45000000000000001       0.55000000000000004     
         242  0.50000000000000000       0.55000000000000004     
         243  0.55000000000000004       0.55000000000000004     
         244  0.59999999999999998       0.55000000000000004     
         245  0.65000000000000002       0.55000000000000004     
         246  0.69999999999999996       0.55000000000000004     
         247  0.75000000000000000       0.55000000000000004     
         248  0.80000000000000004       0.55000000000000004     
         249  0.84999999999999998       0.55000000000000004     
         250  0.90000000000000002       0.55000000000000004     
         251  0.94999999999999996       0.55000000000000004     
         252   1.0000000000000000       0.55000000000000004     
         253   0.0000000000000000       0.59999999999999998     
         254   5.0000000000000003E-002  0.59999999999999998     
         255  0.10000000000000001       0.59999999999999998     
         256  0.14999999999999999       0.59999999999999998     
         257  0.20000000000000001       0.59999999999999998     
         258  0.25000000000000000       0.59999999999999998     
         259  0.29999999999999999       0.59999999999999998     
         260  0.34999999999999998       0.59999999999999998     
         261  0.40000000000000002       0.59999999999999998     
         262  0.45000000000000001       0.59999999999999998     
         263  0.50000000000000000       0.59999999999999998     
         264  0.55000000000000004       0.59999999999999998     
         265  0.59999999999999998       0.59999999999999998     
         266  0.65000000000000002       0.59999999999999998     
         267  0.69999999999999996       0.59999999999999998     
         268  0.75000000000000000       0.59999999999999998     
         269  0.80000000000000004       0.59999999999999998     
         270  0.84999999999999998       0.59999999999999998     
         271  0.90000000000000002       0.59999999999999998     
         272  0.94999999999999996       0.59999999999999998     
         273   1.0000000000000000       0.59999999999999998     
         274   0.0000000000000000       0.65000000000000002     
         275   5.0000000000000003E-002  0.65000000000000002     
         276  0.10000000000000001       0.65000000000000002     
         277  0.14999999999999999       0.65000000000000002     
         278  0.20000000000000001       0.65000000000000002     
         279  0.25000000000000000       0.65000000000000002     
         280  0.29999999999999999       0.65000000000000002     
         281  0.34999999999999998       0.65000000000000002     
         282  0.40000000000000002       0.65000000000000002     
         283  0.45000000000000001       0.65000000000000002     
         284  0.50000000000000000       0.65000000000000002     
         285  0.55000000000000004       0.65000000000000002     
         286  0.59999999999999998       0.65000000000000002     
         287  0.65000000000000002       0.65000000000000002     
         288  0.69999999999999996       0.65000000000000002     
         289  0.75000000000000000       0.65000000000000002     
         290  0.80000000000000004       0.65000000000000002     
         291  0.84999999999999998       0.65000000000000002     
         292  0.90000000000000002       0.65000000000000002     
         293  0.94999999999999996       0.65000000000000002     
         294   1.0000000000000000       0.65000000000000002     
         295   0.0000000000000000       0.69999999999999996     
         296   5.0000000000000003E-002  0.69999999999999996     
         297  0.10000000000000001       0.69999999999999996     
         298  0.14999999999999999       0.69999999999999996     
         299  0.20000000000000001       0.69999999999999996     
         300  0.25000000000000000       0.69999999999999996     
         301  0.29999999999999999       0.69999999999999996     
         302  0.34999999999999998       0.69999999999999996     
         303  0.40000000000000002       0.69999999999999996     
         304  0.45000000000000001       0.69999999999999996     
         305  0.50000000000000000       0.69999999999999996     
         306  0.55000000000000004       0.69999999999999996     
         307  0.59999999999999998       0.69999999999999996     
         308  0.65000000000000002       0.69999999999999996     
         309  0.69999999999999996       0.69999999999999996     
         310  0.75000000000000000       0.69999999999999996     
         311  0.80000000000000004       0.69999999999999996     
         312  0.84999999999999998       0.69999999999999996     
         313  0.90000000000000002       0.69999999999999996     
         314  0.94999999999999996       0.69999999999999996     
         315   1.0000000000000000       0.69999999999999996     
         316   0.0000000000000000       0.75000000000000000     
         317   5.0000000000000003E-002  0.75000000000000000     
         318  0.10000000000000001       0.75000000000000000     
         319  0.14999999999999999       0.75000000000000000     
         320  0.20000000000000001       0.75000000000000000     
         321  0.25000000000000000       0.75000000000000000     
         322  0.29999999999999999       0.75000000000000000     
         323  0.34999999999999998       0.75000000000000000     
         324  0.40000000000000002       0.75000000000000000     
         325  0.45000000000000001       0.75000000000000000     
         326  0.50000000000000000       0.75000000000000000     
         327  0.55000000000000004       0.75000000000000000     
         328  0.59999999999999998       0.75000000000000000     
         329  0.65000000000000002       0.75000000000000000     
         330  0.69999999999999996       0.75000000000000000     
         331  0.75000000000000000       0.75000000000000000     
         332  0.80000000000000004       0.75000000000000000     
         333  0.84999999999999998       0.75000000000000000     
         334  0.90000000000000002       0.75000000000000000     
         335  0.94999999999999996       0.75000000000000000     
         336   1.0000000000000000       0.75000000000000000     
         337   0.0000000000000000       0.80000000000000004     
         338   5.0000000000000003E-002  0.80000000000000004     
         339  0.10000000000000001       0.80000000000000004     
         340  0.14999999999999999       0.80000000000000004     
         341  0.20000000000000001       0.80000000000000004     
         342  0.25000000000000000       0.80000000000000004     
         343  0.29999999999999999       0.80000000000000004     
         344  0.34999999999999998       0.80000000000000004     
         345  0.40000000000000002       0.80000000000000004     
         346  0.45000000000000001       0.80000000000000004     
         347  0.50000000000000000       0.80000000000000004     
         348  0.55000000000000004       0.80000000000000004     
         349  0.59999999999999998       0.80000000000000004     
         350  0.65000000000000002       0.80000000000000004     
         351  0.69999999999999996       0.80000000000000004     
         352  0.75000000000000000       0.80000000000000004     
         353  0.80000000000000004       0.80000000000000004     
         354  0.84999999999999998       0.80000000000000004     
         355  0.90000000000000002       0.80000000000000004     
         356  0.94999999999999996       0.80000000000000004     
         357   1.0000000000000000       0.80000000000000004     
         358   0.0000000000000000       0.84999999999999998     
         359   5.0000000000000003E-002  0.84999999999999998     
         360  0.10000000000000001       0.84999999999999998     
         361  0.14999999999999999       0.84999999999999998     
         362  0.20000000000000001       0.84999999999999998     
         363  0.25000000000000000       0.84999999999999998     
         364  0.29999999999999999       0.84999999999999998     
         365  0.34999999999999998       0.84999999999999998     
         366  0.40000000000000002       0.84999999999999998     
         367  0.45000000000000001       0.84999999999999998     
         368  0.50000000000000000       0.84999999999999998     
         369  0.55000000000000004       0.84999999999999998     
         370  0.59999999999999998       0.84999999999999998     
         371  0.65000000000000002       0.84999999999999998     
         372  0.69999999999999996       0.84999999999999998     
         373  0.75000000000000000       0.84999999999999998     
         374  0.80000000000000004       0.84999999999999998     
         375  0.84999999999999998       0.84999999999999998     
         376  0.90000000000000002       0.84999999999999998     
         377  0.94999999999999996       0.84999999999999998     
         378   1.0000000000000000       0.84999999999999998     
         379   0.0000000000000000       0.90000000000000002     
