1 2
0 1 0 0               /ntest,ncon,nrestart,nresave
1 0.25 0              /nsmoo,smoo,nsmfun
1 1 2                 /nout,ninit,initdir
0 33 1               /npr,npdis,ntprint
5
14
23
32
41
50
59
68
77
86
95
104
113
122
131
140
149
158
167
176
185
194
203
212
221
230
239
248
257
266
275
284
293
3                      /nint
3
1
1
8 0.04d0 0.0d0
32 0.16d0 0.0d0
2
1
0.0d0 -9.8d0
100.0d0 0.02d0 0.1
300 1241 321
1105 0               /nndfsi1,nndfsi2
4 297                /nump,nndfsia1
4 0                  /numps,nndfsia2                
9 9                    /(nis(i),i=1,ignum)
256 0                 /(numele(i),i=1,ignum)

0

0 1 0 0              /numskew,numgb,intnum,numct


 111111

151

    554	555
	556	557
	558	559
	560	561
	849	288	848
	279	847	270	846
	261	845	252	844
	243	843	234	842
	225	841	216	840
	207	839	198	838
	189	837	180	836
	171	835	162	834
	153	833	144	832
	135	831	126	830
	117	829	108	828
	99	827	90	826
	81	825 72	824	
	63  823	54	822	45
	821	36	820	27
	819	18	818	9
	305	8	304	7
	303	6	302	5
	301	4	300	3
	299	2	298	1
	562	10	563	19
	564	28	565	37
	566	46	567	55
	568	64	569	73
	570	82	571	91
	572	100	573	109
	574	118	575	127
	576	136	577	145
	578	154	579	163
	580	172	581	181
	582	190	583	199
	584	208	585	217
	586	226	587	235
	588	244	589	253
	590	262	591	271
	592	280	593


2.1d9 5.0d1 1.0d3          /fbulk,falph,fdensi
3                           /nstr
2.0d4 1.0d4 1.0d4 2000.0d0 /rc1,rc2,rk,sdensi
0 0                         /iflag nales
2
4 4
0.01 2                     /dt,nts,ntfun
1                           /nina
0.25d0 0.5d0
0 0                        /numfn,numeb

0.0d0 9.8d0                /fbacc(1),fbacc(2)
1                            /nfuns(i)
1 
0 1                          /nale,nnorm 
200                          /miter
1.0D-5 1.0D-14 1.0d0 1.0d0   /tolu,tolp,unorm,pnorm,
1.0d0 0

0

0 0


