1	1	2	23	22	442	882	462	862	1282
2	2	3	24	23	443	902	463	882	1283
3	3	4	25	24	444	922	464	902	1284
4	4	5	26	25	445	942	465	922	1285
5	5	6	27	26	446	962	466	942	1286
6	6	7	28	27	447	982	467	962	1287
7	7	8	29	28	448	1002	468	982	1288
8	8	9	30	29	449	1022	469	1002	1289
9	9	10	31	30	450	1042	470	1022	1290
10	10	11	32	31	451	1062	471	1042	1291
11	11	12	33	32	452	1082	472	1062	1292
12	12	13	34	33	453	1102	473	1082	1293
13	13	14	35	34	454	1122	474	1102	1294
14	14	15	36	35	455	1142	475	1122	1295
15	15	16	37	36	456	1162	476	1142	1296
16	16	17	38	37	457	1182	477	1162	1297
17	17	18	39	38	458	1202	478	1182	1298
18	18	19	40	39	459	1222	479	1202	1299
19	19	20	41	40	460	1242	480	1222	1300
20	20	21	42	41	461	1262	481	1242	1301
21	22	23	44	43	462	883	482	863	1302
22	23	24	45	44	463	903	483	883	1303
23	24	25	46	45	464	923	484	903	1304
24	25	26	47	46	465	943	485	923	1305
25	26	27	48	47	466	963	486	943	1306
26	27	28	49	48	467	983	487	963	1307
27	28	29	50	49	468	1003	488	983	1308
28	29	30	51	50	469	1023	489	1003	1309
29	30	31	52	51	470	1043	490	1023	1310
30	31	32	53	52	471	1063	491	1043	1311
31	32	33	54	53	472	1083	492	1063	1312
32	33	34	55	54	473	1103	493	1083	1313
33	34	35	56	55	474	1123	494	1103	1314
34	35	36	57	56	475	1143	495	1123	1315
35	36	37	58	57	476	1163	496	1143	1316
36	37	38	59	58	477	1183	497	1163	1317
37	38	39	60	59	478	1203	498	1183	1318
38	39	40	61	60	479	1223	499	1203	1319
39	40	41	62	61	480	1243	500	1223	1320
40	41	42	63	62	481	1263	501	1243	1321
41	43	44	65	64	482	884	502	864	1322
42	44	45	66	65	483	904	503	884	1323
43	45	46	67	66	484	924	504	904	1324
44	46	47	68	67	485	944	505	924	1325
45	47	48	69	68	486	964	506	944	1326
46	48	49	70	69	487	984	507	964	1327
47	49	50	71	70	488	1004	508	984	1328
48	50	51	72	71	489	1024	509	1004	1329
49	51	52	73	72	490	1044	510	1024	1330
50	52	53	74	73	491	1064	511	1044	1331
51	53	54	75	74	492	1084	512	1064	1332
52	54	55	76	75	493	1104	513	1084	1333
53	55	56	77	76	494	1124	514	1104	1334
54	56	57	78	77	495	1144	515	1124	1335
55	57	58	79	78	496	1164	516	1144	1336
56	58	59	80	79	497	1184	517	1164	1337
57	59	60	81	80	498	1204	518	1184	1338
58	60	61	82	81	499	1224	519	1204	1339
59	61	62	83	82	500	1244	520	1224	1340
60	62	63	84	83	501	1264	521	1244	1341
61	64	65	86	85	502	885	522	865	1342
62	65	66	87	86	503	905	523	885	1343
63	66	67	88	87	504	925	524	905	1344
64	67	68	89	88	505	945	525	925	1345
65	68	69	90	89	506	965	526	945	1346
66	69	70	91	90	507	985	527	965	1347
67	70	71	92	91	508	1005	528	985	1348
68	71	72	93	92	509	1025	529	1005	1349
69	72	73	94	93	510	1045	530	1025	1350
70	73	74	95	94	511	1065	531	1045	1351
71	74	75	96	95	512	1085	532	1065	1352
72	75	76	97	96	513	1105	533	1085	1353
73	76	77	98	97	514	1125	534	1105	1354
74	77	78	99	98	515	1145	535	1125	1355
75	78	79	100	99	516	1165	536	1145	1356
76	79	80	101	100	517	1185	537	1165	1357
77	80	81	102	101	518	1205	538	1185	1358
78	81	82	103	102	519	1225	539	1205	1359
79	82	83	104	103	520	1245	540	1225	1360
80	83	84	105	104	521	1265	541	1245	1361
81	85	86	107	106	522	886	542	866	1362
82	86	87	108	107	523	906	543	886	1363
83	87	88	109	108	524	926	544	906	1364
84	88	89	110	109	525	946	545	926	1365
85	89	90	111	110	526	966	546	946	1366
86	90	91	112	111	527	986	547	966	1367
87	91	92	113	112	528	1006	548	986	1368
88	92	93	114	113	529	1026	549	1006	1369
89	93	94	115	114	530	1046	550	1026	1370
90	94	95	116	115	531	1066	551	1046	1371
91	95	96	117	116	532	1086	552	1066	1372
92	96	97	118	117	533	1106	553	1086	1373
93	97	98	119	118	534	1126	554	1106	1374
94	98	99	120	119	535	1146	555	1126	1375
95	99	100	121	120	536	1166	556	1146	1376
96	100	101	122	121	537	1186	557	1166	1377
97	101	102	123	122	538	1206	558	1186	1378
98	102	103	124	123	539	1226	559	1206	1379
99	103	104	125	124	540	1246	560	1226	1380
100	104	105	126	125	541	1266	561	1246	1381
101	106	107	128	127	542	887	562	867	1382
102	107	108	129	128	543	907	563	887	1383
103	108	109	130	129	544	927	564	907	1384
104	109	110	131	130	545	947	565	927	1385
105	110	111	132	131	546	967	566	947	1386
106	111	112	133	132	547	987	567	967	1387
107	112	113	134	133	548	1007	568	987	1388
108	113	114	135	134	549	1027	569	1007	1389
109	114	115	136	135	550	1047	570	1027	1390
110	115	116	137	136	551	1067	571	1047	1391
111	116	117	138	137	552	1087	572	1067	1392
112	117	118	139	138	553	1107	573	1087	1393
113	118	119	140	139	554	1127	574	1107	1394
114	119	120	141	140	555	1147	575	1127	1395
115	120	121	142	141	556	1167	576	1147	1396
116	121	122	143	142	557	1187	577	1167	1397
117	122	123	144	143	558	1207	578	1187	1398
118	123	124	145	144	559	1227	579	1207	1399
119	124	125	146	145	560	1247	580	1227	1400
120	125	126	147	146	561	1267	581	1247	1401
121	127	128	149	148	562	888	582	868	1402
122	128	129	150	149	563	908	583	888	1403
123	129	130	151	150	564	928	584	908	1404
124	130	131	152	151	565	948	585	928	1405
125	131	132	153	152	566	968	586	948	1406
126	132	133	154	153	567	988	587	968	1407
127	133	134	155	154	568	1008	588	988	1408
128	134	135	156	155	569	1028	589	1008	1409
129	135	136	157	156	570	1048	590	1028	1410
130	136	137	158	157	571	1068	591	1048	1411
131	137	138	159	158	572	1088	592	1068	1412
132	138	139	160	159	573	1108	593	1088	1413
133	139	140	161	160	574	1128	594	1108	1414
134	140	141	162	161	575	1148	595	1128	1415
135	141	142	163	162	576	1168	596	1148	1416
136	142	143	164	163	577	1188	597	1168	1417
137	143	144	165	164	578	1208	598	1188	1418
138	144	145	166	165	579	1228	599	1208	1419
139	145	146	167	166	580	1248	600	1228	1420
140	146	147	168	167	581	1268	601	1248	1421
141	148	149	170	169	582	889	602	869	1422
142	149	150	171	170	583	909	603	889	1423
143	150	151	172	171	584	929	604	909	1424
144	151	152	173	172	585	949	605	929	1425
145	152	153	174	173	586	969	606	949	1426
146	153	154	175	174	587	989	607	969	1427
147	154	155	176	175	588	1009	608	989	1428
148	155	156	177	176	589	1029	609	1009	1429
149	156	157	178	177	590	1049	610	1029	1430
150	157	158	179	178	591	1069	611	1049	1431
151	158	159	180	179	592	1089	612	1069	1432
152	159	160	181	180	593	1109	613	1089	1433
153	160	161	182	181	594	1129	614	1109	1434
154	161	162	183	182	595	1149	615	1129	1435
155	162	163	184	183	596	1169	616	1149	1436
156	163	164	185	184	597	1189	617	1169	1437
157	164	165	186	185	598	1209	618	1189	1438
158	165	166	187	186	599	1229	619	1209	1439
159	166	167	188	187	600	1249	620	1229	1440
160	167	168	189	188	601	1269	621	1249	1441
161	169	170	191	190	602	890	622	870	1442
162	170	171	192	191	603	910	623	890	1443
163	171	172	193	192	604	930	624	910	1444
164	172	173	194	193	605	950	625	930	1445
165	173	174	195	194	606	970	626	950	1446
166	174	175	196	195	607	990	627	970	1447
167	175	176	197	196	608	1010	628	990	1448
168	176	177	198	197	609	1030	629	1010	1449
169	177	178	199	198	610	1050	630	1030	1450
170	178	179	200	199	611	1070	631	1050	1451
171	179	180	201	200	612	1090	632	1070	1452
172	180	181	202	201	613	1110	633	1090	1453
173	181	182	203	202	614	1130	634	1110	1454
174	182	183	204	203	615	1150	635	1130	1455
175	183	184	205	204	616	1170	636	1150	1456
176	184	185	206	205	617	1190	637	1170	1457
177	185	186	207	206	618	1210	638	1190	1458
178	186	187	208	207	619	1230	639	1210	1459
179	187	188	209	208	620	1250	640	1230	1460
180	188	189	210	209	621	1270	641	1250	1461
181	190	191	212	211	622	891	642	871	1462
182	191	192	213	212	623	911	643	891	1463
183	192	193	214	213	624	931	644	911	1464
184	193	194	215	214	625	951	645	931	1465
185	194	195	216	215	626	971	646	951	1466
186	195	196	217	216	627	991	647	971	1467
187	196	197	218	217	628	1011	648	991	1468
188	197	198	219	218	629	1031	649	1011	1469
189	198	199	220	219	630	1051	650	1031	1470
190	199	200	221	220	631	1071	651	1051	1471
191	200	201	222	221	632	1091	652	1071	1472
192	201	202	223	222	633	1111	653	1091	1473
193	202	203	224	223	634	1131	654	1111	1474
194	203	204	225	224	635	1151	655	1131	1475
195	204	205	226	225	636	1171	656	1151	1476
196	205	206	227	226	637	1191	657	1171	1477
197	206	207	228	227	638	1211	658	1191	1478
198	207	208	229	228	639	1231	659	1211	1479
199	208	209	230	229	640	1251	660	1231	1480
200	209	210	231	230	641	1271	661	1251	1481
201	211	212	233	232	642	892	662	872	1482
202	212	213	234	233	643	912	663	892	1483
203	213	214	235	234	644	932	664	912	1484
204	214	215	236	235	645	952	665	932	1485
205	215	216	237	236	646	972	666	952	1486
206	216	217	238	237	647	992	667	972	1487
207	217	218	239	238	648	1012	668	992	1488
208	218	219	240	239	649	1032	669	1012	1489
209	219	220	241	240	650	1052	670	1032	1490
210	220	221	242	241	651	1072	671	1052	1491
211	221	222	243	242	652	1092	672	1072	1492
212	222	223	244	243	653	1112	673	1092	1493
213	223	224	245	244	654	1132	674	1112	1494
214	224	225	246	245	655	1152	675	1132	1495
215	225	226	247	246	656	1172	676	1152	1496
216	226	227	248	247	657	1192	677	1172	1497
217	227	228	249	248	658	1212	678	1192	1498
218	228	229	250	249	659	1232	679	1212	1499
219	229	230	251	250	660	1252	680	1232	1500
220	230	231	252	251	661	1272	681	1252	1501
221	232	233	254	253	662	893	682	873	1502
222	233	234	255	254	663	913	683	893	1503
223	234	235	256	255	664	933	684	913	1504
224	235	236	257	256	665	953	685	933	1505
225	236	237	258	257	666	973	686	953	1506
226	237	238	259	258	667	993	687	973	1507
227	238	239	260	259	668	1013	688	993	1508
228	239	240	261	260	669	1033	689	1013	1509
229	240	241	262	261	670	1053	690	1033	1510
230	241	242	263	262	671	1073	691	1053	1511
231	242	243	264	263	672	1093	692	1073	1512
232	243	244	265	264	673	1113	693	1093	1513
233	244	245	266	265	674	1133	694	1113	1514
234	245	246	267	266	675	1153	695	1133	1515
235	246	247	268	267	676	1173	696	1153	1516
236	247	248	269	268	677	1193	697	1173	1517
237	248	249	270	269	678	1213	698	1193	1518
238	249	250	271	270	679	1233	699	1213	1519
239	250	251	272	271	680	1253	700	1233	1520
240	251	252	273	272	681	1273	701	1253	1521
241	253	254	275	274	682	894	702	874	1522
242	254	255	276	275	683	914	703	894	1523
243	255	256	277	276	684	934	704	914	1524
244	256	257	278	277	685	954	705	934	1525
245	257	258	279	278	686	974	706	954	1526
246	258	259	280	279	687	994	707	974	1527
247	259	260	281	280	688	1014	708	994	1528
248	260	261	282	281	689	1034	709	1014	1529
249	261	262	283	282	690	1054	710	1034	1530
250	262	263	284	283	691	1074	711	1054	1531
251	263	264	285	284	692	1094	712	1074	1532
252	264	265	286	285	693	1114	713	1094	1533
253	265	266	287	286	694	1134	714	1114	1534
254	266	267	288	287	695	1154	715	1134	1535
255	267	268	289	288	696	1174	716	1154	1536
256	268	269	290	289	697	1194	717	1174	1537
257	269	270	291	290	698	1214	718	1194	1538
258	270	271	292	291	699	1234	719	1214	1539
259	271	272	293	292	700	1254	720	1234	1540
260	272	273	294	293	701	1274	721	1254	1541
261	274	275	296	295	702	895	722	875	1542
262	275	276	297	296	703	915	723	895	1543
263	276	277	298	297	704	935	724	915	1544
264	277	278	299	298	705	955	725	935	1545
265	278	279	300	299	706	975	726	955	1546
266	279	280	301	300	707	995	727	975	1547
267	280	281	302	301	708	1015	728	995	1548
268	281	282	303	302	709	1035	729	1015	1549
269	282	283	304	303	710	1055	730	1035	1550
270	283	284	305	304	711	1075	731	1055	1551
271	284	285	306	305	712	1095	732	1075	1552
272	285	286	307	306	713	1115	733	1095	1553
273	286	287	308	307	714	1135	734	1115	1554
274	287	288	309	308	715	1155	735	1135	1555
275	288	289	310	309	716	1175	736	1155	1556
276	289	290	311	310	717	1195	737	1175	1557
277	290	291	312	311	718	1215	738	1195	1558
278	291	292	313	312	719	1235	739	1215	1559
279	292	293	314	313	720	1255	740	1235	1560
280	293	294	315	314	721	1275	741	1255	1561
281	295	296	317	316	722	896	742	876	1562
282	296	297	318	317	723	916	743	896	1563
283	297	298	319	318	724	936	744	916	1564
284	298	299	320	319	725	956	745	936	1565
285	299	300	321	320	726	976	746	956	1566
286	300	301	322	321	727	996	747	976	1567
287	301	302	323	322	728	1016	748	996	1568
288	302	303	324	323	729	1036	749	1016	1569
289	303	304	325	324	730	1056	750	1036	1570
290	304	305	326	325	731	1076	751	1056	1571
291	305	306	327	326	732	1096	752	1076	1572
292	306	307	328	327	733	1116	753	1096	1573
293	307	308	329	328	734	1136	754	1116	1574
294	308	309	330	329	735	1156	755	1136	1575
295	309	310	331	330	736	1176	756	1156	1576
296	310	311	332	331	737	1196	757	1176	1577
297	311	312	333	332	738	1216	758	1196	1578
298	312	313	334	333	739	1236	759	1216	1579
299	313	314	335	334	740	1256	760	1236	1580
300	314	315	336	335	741	1276	761	1256	1581
301	316	317	338	337	742	897	762	877	1582
302	317	318	339	338	743	917	763	897	1583
303	318	319	340	339	744	937	764	917	1584
304	319	320	341	340	745	957	765	937	1585
305	320	321	342	341	746	977	766	957	1586
306	321	322	343	342	747	997	767	977	1587
307	322	323	344	343	748	1017	768	997	1588
308	323	324	345	344	749	1037	769	1017	1589
309	324	325	346	345	750	1057	770	1037	1590
310	325	326	347	346	751	1077	771	1057	1591
311	326	327	348	347	752	1097	772	1077	1592
312	327	328	349	348	753	1117	773	1097	1593
313	328	329	350	349	754	1137	774	1117	1594
314	329	330	351	350	755	1157	775	1137	1595
315	330	331	352	351	756	1177	776	1157	1596
316	331	332	353	352	757	1197	777	1177	1597
317	332	333	354	353	758	1217	778	1197	1598
318	333	334	355	354	759	1237	779	1217	1599
319	334	335	356	355	760	1257	780	1237	1600
320	335	336	357	356	761	1277	781	1257	1601
321	337	338	359	358	762	898	782	878	1602
322	338	339	360	359	763	918	783	898	1603
323	339	340	361	360	764	938	784	918	1604
324	340	341	362	361	765	958	785	938	1605
325	341	342	363	362	766	978	786	958	1606
326	342	343	364	363	767	998	787	978	1607
327	343	344	365	364	768	1018	788	998	1608
328	344	345	366	365	769	1038	789	1018	1609
329	345	346	367	366	770	1058	790	1038	1610
330	346	347	368	367	771	1078	791	1058	1611
331	347	348	369	368	772	1098	792	1078	1612
332	348	349	370	369	773	1118	793	1098	1613
333	349	350	371	370	774	1138	794	1118	1614
334	350	351	372	371	775	1158	795	1138	1615
335	351	352	373	372	776	1178	796	1158	1616
336	352	353	374	373	777	1198	797	1178	1617
337	353	354	375	374	778	1218	798	1198	1618
338	354	355	376	375	779	1238	799	1218	1619
339	355	356	377	376	780	1258	800	1238	1620
340	356	357	378	377	781	1278	801	1258	1621
341	358	359	380	379	782	899	802	879	1622
342	359	360	381	380	783	919	803	899	1623
343	360	361	382	381	784	939	804	919	1624
344	361	362	383	382	785	959	805	939	1625
345	362	363	384	383	786	979	806	959	1626
346	363	364	385	384	787	999	807	979	1627
347	364	365	386	385	788	1019	808	999	1628
348	365	366	387	386	789	1039	809	1019	1629
349	366	367	388	387	790	1059	810	1039	1630
350	367	368	389	388	791	1079	811	1059	1631
351	368	369	390	389	792	1099	812	1079	1632
352	369	370	391	390	793	1119	813	1099	1633
353	370	371	392	391	794	1139	814	1119	1634
354	371	372	393	392	795	1159	815	1139	1635
355	372	373	394	393	796	1179	816	1159	1636
356	373	374	395	394	797	1199	817	1179	1637
357	374	375	396	395	798	1219	818	1199	1638
358	375	376	397	396	799	1239	819	1219	1639
359	376	377	398	397	800	1259	820	1239	1640
360	377	378	399	398	801	1279	821	1259	1641
361	379	380	401	400	802	900	822	880	1642
362	380	381	402	401	803	920	823	900	1643
363	381	382	403	402	804	940	824	920	1644
364	382	383	404	403	805	960	825	940	1645
365	383	384	405	404	806	980	826	960	1646
366	384	385	406	405	807	1000	827	980	1647
367	385	386	407	406	808	1020	828	1000	1648
368	386	387	408	407	809	1040	829	1020	1649
369	387	388	409	408	810	1060	830	1040	1650
370	388	389	410	409	811	1080	831	1060	1651
371	389	390	411	410	812	1100	832	1080	1652
372	390	391	412	411	813	1120	833	1100	1653
373	391	392	413	412	814	1140	834	1120	1654
374	392	393	414	413	815	1160	835	1140	1655
375	393	394	415	414	816	1180	836	1160	1656
376	394	395	416	415	817	1200	837	1180	1657
377	395	396	417	416	818	1220	838	1200	1658
378	396	397	418	417	819	1240	839	1220	1659
379	397	398	419	418	820	1260	840	1240	1660
380	398	399	420	419	821	1280	841	1260	1661
381	400	401	422	421	822	901	842	881	1662
382	401	402	423	422	823	921	843	901	1663
383	402	403	424	423	824	941	844	921	1664
384	403	404	425	424	825	961	845	941	1665
385	404	405	426	425	826	981	846	961	1666
386	405	406	427	426	827	1001	847	981	1667
387	406	407	428	427	828	1021	848	1001	1668
388	407	408	429	428	829	1041	849	1021	1669
389	408	409	430	429	830	1061	850	1041	1670
390	409	410	431	430	831	1081	851	1061	1671
391	410	411	432	431	832	1101	852	1081	1672
392	411	412	433	432	833	1121	853	1101	1673
393	412	413	434	433	834	1141	854	1121	1674
394	413	414	435	434	835	1161	855	1141	1675
395	414	415	436	435	836	1181	856	1161	1676
396	415	416	437	436	837	1201	857	1181	1677
397	416	417	438	437	838	1221	858	1201	1678
398	417	418	439	438	839	1241	859	1221	1679
399	418	419	440	439	840	1261	860	1241	1680
400	419	420	441	440	841	1281	861	1261	1681


1	1	2	11	10	298	594	306	562	850
2	2	3	12	11	299	626	307	594	851
3	3	4	13	12	300	658	308	626	852
4	4	5	14	13	301	690	309	658	853
5	5	6	15	14	302	722	310	690	854
6	6	7	16	15	303	754	311	722	855
7	7	8	17	16	304	786	312	754	856
8	8	9	18	17	305	818	313	786	857
9	10	11	20	19	306	595	314	563	858
10	11	12	21	20	307	627	315	595	859
11	12	13	22	21	308	659	316	627	860
12	13	14	23	22	309	691	317	659	861
13	14	15	24	23	310	723	318	691	862
14	15	16	25	24	311	755	319	723	863
15	16	17	26	25	312	787	320	755	864
16	17	18	27	26	313	819	321	787	865
17	19	20	29	28	314	596	322	564	866
18	20	21	30	29	315	628	323	596	867
19	21	22	31	30	316	660	324	628	868
20	22	23	32	31	317	692	325	660	869
21	23	24	33	32	318	724	326	692	870
22	24	25	34	33	319	756	327	724	871
23	25	26	35	34	320	788	328	756	872
24	26	27	36	35	321	820	329	788	873
25	28	29	38	37	322	597	330	565	874
26	29	30	39	38	323	629	331	597	875
27	30	31	40	39	324	661	332	629	876
28	31	32	41	40	325	693	333	661	877
29	32	33	42	41	326	725	334	693	878
30	33	34	43	42	327	757	335	725	879
31	34	35	44	43	328	789	336	757	880
32	35	36	45	44	329	821	337	789	881
33	37	38	47	46	330	598	338	566	882
34	38	39	48	47	331	630	339	598	883
35	39	40	49	48	332	662	340	630	884
36	40	41	50	49	333	694	341	662	885
37	41	42	51	50	334	726	342	694	886
38	42	43	52	51	335	758	343	726	887
39	43	44	53	52	336	790	344	758	888
40	44	45	54	53	337	822	345	790	889
41	46	47	56	55	338	599	346	567	890
42	47	48	57	56	339	631	347	599	891
43	48	49	58	57	340	663	348	631	892
44	49	50	59	58	341	695	349	663	893
45	50	51	60	59	342	727	350	695	894
46	51	52	61	60	343	759	351	727	895
47	52	53	62	61	344	791	352	759	896
48	53	54	63	62	345	823	353	791	897
49	55	56	65	64	346	600	354	568	898
50	56	57	66	65	347	632	355	600	899
51	57	58	67	66	348	664	356	632	900
52	58	59	68	67	349	696	357	664	901
53	59	60	69	68	350	728	358	696	902
54	60	61	70	69	351	760	359	728	903
55	61	62	71	70	352	792	360	760	904
56	62	63	72	71	353	824	361	792	905
57	64	65	74	73	354	601	362	569	906
58	65	66	75	74	355	633	363	601	907
59	66	67	76	75	356	665	364	633	908
60	67	68	77	76	357	697	365	665	909
61	68	69	78	77	358	729	366	697	910
62	69	70	79	78	359	761	367	729	911
63	70	71	80	79	360	793	368	761	912
64	71	72	81	80	361	825	369	793	913
65	73	74	83	82	362	602	370	570	914
66	74	75	84	83	363	634	371	602	915
67	75	76	85	84	364	666	372	634	916
68	76	77	86	85	365	698	373	666	917
69	77	78	87	86	366	730	374	698	918
70	78	79	88	87	367	762	375	730	919
71	79	80	89	88	368	794	376	762	920
72	80	81	90	89	369	826	377	794	921
73	82	83	92	91	370	603	378	571	922
74	83	84	93	92	371	635	379	603	923
75	84	85	94	93	372	667	380	635	924
76	85	86	95	94	373	699	381	667	925
77	86	87	96	95	374	731	382	699	926
78	87	88	97	96	375	763	383	731	927
79	88	89	98	97	376	795	384	763	928
80	89	90	99	98	377	827	385	795	929
81	91	92	101	100	378	604	386	572	930
82	92	93	102	101	379	636	387	604	931
83	93	94	103	102	380	668	388	636	932
84	94	95	104	103	381	700	389	668	933
85	95	96	105	104	382	732	390	700	934
86	96	97	106	105	383	764	391	732	935
87	97	98	107	106	384	796	392	764	936
88	98	99	108	107	385	828	393	796	937
89	100	101	110	109	386	605	394	573	938
90	101	102	111	110	387	637	395	605	939
91	102	103	112	111	388	669	396	637	940
92	103	104	113	112	389	701	397	669	941
93	104	105	114	113	390	733	398	701	942
94	105	106	115	114	391	765	399	733	943
95	106	107	116	115	392	797	400	765	944
96	107	108	117	116	393	829	401	797	945
97	109	110	119	118	394	606	402	574	946
98	110	111	120	119	395	638	403	606	947
99	111	112	121	120	396	670	404	638	948
100	112	113	122	121	397	702	405	670	949
101	113	114	123	122	398	734	406	702	950
102	114	115	124	123	399	766	407	734	951
103	115	116	125	124	400	798	408	766	952
104	116	117	126	125	401	830	409	798	953
105	118	119	128	127	402	607	410	575	954
106	119	120	129	128	403	639	411	607	955
107	120	121	130	129	404	671	412	639	956
108	121	122	131	130	405	703	413	671	957
109	122	123	132	131	406	735	414	703	958
110	123	124	133	132	407	767	415	735	959
111	124	125	134	133	408	799	416	767	960
112	125	126	135	134	409	831	417	799	961
113	127	128	137	136	410	608	418	576	962
114	128	129	138	137	411	640	419	608	963
115	129	130	139	138	412	672	420	640	964
116	130	131	140	139	413	704	421	672	965
117	131	132	141	140	414	736	422	704	966
118	132	133	142	141	415	768	423	736	967
119	133	134	143	142	416	800	424	768	968
120	134	135	144	143	417	832	425	800	969
121	136	137	146	145	418	609	426	577	970
122	137	138	147	146	419	641	427	609	971
123	138	139	148	147	420	673	428	641	972
124	139	140	149	148	421	705	429	673	973
125	140	141	150	149	422	737	430	705	974
126	141	142	151	150	423	769	431	737	975
127	142	143	152	151	424	801	432	769	976
128	143	144	153	152	425	833	433	801	977
129	145	146	155	154	426	610	434	578	978
130	146	147	156	155	427	642	435	610	979
131	147	148	157	156	428	674	436	642	980
132	148	149	158	157	429	706	437	674	981
133	149	150	159	158	430	738	438	706	982
134	150	151	160	159	431	770	439	738	983
135	151	152	161	160	432	802	440	770	984
136	152	153	162	161	433	834	441	802	985
137	154	155	164	163	434	611	442	579	986
138	155	156	165	164	435	643	443	611	987
139	156	157	166	165	436	675	444	643	988
140	157	158	167	166	437	707	445	675	989
141	158	159	168	167	438	739	446	707	990
142	159	160	169	168	439	771	447	739	991
143	160	161	170	169	440	803	448	771	992
144	161	162	171	170	441	835	449	803	993
145	163	164	173	172	442	612	450	580	994
146	164	165	174	173	443	644	451	612	995
147	165	166	175	174	444	676	452	644	996
148	166	167	176	175	445	708	453	676	997
149	167	168	177	176	446	740	454	708	998
150	168	169	178	177	447	772	455	740	999
151	169	170	179	178	448	804	456	772	1000
152	170	171	180	179	449	836	457	804	1001
153	172	173	182	181	450	613	458	581	1002
154	173	174	183	182	451	645	459	613	1003
155	174	175	184	183	452	677	460	645	1004
156	175	176	185	184	453	709	461	677	1005
157	176	177	186	185	454	741	462	709	1006
158	177	178	187	186	455	773	463	741	1007
159	178	179	188	187	456	805	464	773	1008
160	179	180	189	188	457	837	465	805	1009
161	181	182	191	190	458	614	466	582	1010
162	182	183	192	191	459	646	467	614	1011
163	183	184	193	192	460	678	468	646	1012
164	184	185	194	193	461	710	469	678	1013
165	185	186	195	194	462	742	470	710	1014
166	186	187	196	195	463	774	471	742	1015
167	187	188	197	196	464	806	472	774	1016
168	188	189	198	197	465	838	473	806	1017
169	190	191	200	199	466	615	474	583	1018
170	191	192	201	200	467	647	475	615	1019
171	192	193	202	201	468	679	476	647	1020
172	193	194	203	202	469	711	477	679	1021
173	194	195	204	203	470	743	478	711	1022
174	195	196	205	204	471	775	479	743	1023
175	196	197	206	205	472	807	480	775	1024
176	197	198	207	206	473	839	481	807	1025
177	199	200	209	208	474	616	482	584	1026
178	200	201	210	209	475	648	483	616	1027
179	201	202	211	210	476	680	484	648	1028
180	202	203	212	211	477	712	485	680	1029
181	203	204	213	212	478	744	486	712	1030
182	204	205	214	213	479	776	487	744	1031
183	205	206	215	214	480	808	488	776	1032
184	206	207	216	215	481	840	489	808	1033
185	208	209	218	217	482	617	490	585	1034
186	209	210	219	218	483	649	491	617	1035
187	210	211	220	219	484	681	492	649	1036
188	211	212	221	220	485	713	493	681	1037
189	212	213	222	221	486	745	494	713	1038
190	213	214	223	222	487	777	495	745	1039
191	214	215	224	223	488	809	496	777	1040
192	215	216	225	224	489	841	497	809	1041
193	217	218	227	226	490	618	498	586	1042
194	218	219	228	227	491	650	499	618	1043
195	219	220	229	228	492	682	500	650	1044
196	220	221	230	229	493	714	501	682	1045
197	221	222	231	230	494	746	502	714	1046
198	222	223	232	231	495	778	503	746	1047
199	223	224	233	232	496	810	504	778	1048
200	224	225	234	233	497	842	505	810	1049
201	226	227	236	235	498	619	506	587	1050
202	227	228	237	236	499	651	507	619	1051
203	228	229	238	237	500	683	508	651	1052
204	229	230	239	238	501	715	509	683	1053
205	230	231	240	239	502	747	510	715	1054
206	231	232	241	240	503	779	511	747	1055
207	232	233	242	241	504	811	512	779	1056
208	233	234	243	242	505	843	513	811	1057
209	235	236	245	244	506	620	514	588	1058
210	236	237	246	245	507	652	515	620	1059
211	237	238	247	246	508	684	516	652	1060
212	238	239	248	247	509	716	517	684	1061
213	239	240	249	248	510	748	518	716	1062
214	240	241	250	249	511	780	519	748	1063
215	241	242	251	250	512	812	520	780	1064
216	242	243	252	251	513	844	521	812	1065
217	244	245	254	253	514	621	522	589	1066
218	245	246	255	254	515	653	523	621	1067
219	246	247	256	255	516	685	524	653	1068
220	247	248	257	256	517	717	525	685	1069
221	248	249	258	257	518	749	526	717	1070
222	249	250	259	258	519	781	527	749	1071
223	250	251	260	259	520	813	528	781	1072
224	251	252	261	260	521	845	529	813	1073
225	253	254	263	262	522	622	530	590	1074
226	254	255	264	263	523	654	531	622	1075
227	255	256	265	264	524	686	532	654	1076
228	256	257	266	265	525	718	533	686	1077
229	257	258	267	266	526	750	534	718	1078
230	258	259	268	267	527	782	535	750	1079
231	259	260	269	268	528	814	536	782	1080
232	260	261	270	269	529	846	537	814	1081
233	262	263	272	271	530	623	538	591	1082
234	263	264	273	272	531	655	539	623	1083
235	264	265	274	273	532	687	540	655	1084
236	265	266	275	274	533	719	541	687	1085
237	266	267	276	275	534	751	542	719	1086
238	267	268	277	276	535	783	543	751	1087
239	268	269	278	277	536	815	544	783	1088
240	269	270	279	278	537	847	545	815	1089
241	271	272	281	280	538	624	546	592	1090
242	272	273	282	281	539	656	547	624	1091
243	273	274	283	282	540	688	548	656	1092
244	274	275	284	283	541	720	549	688	1093
245	275	276	285	284	542	752	550	720	1094
246	276	277	286	285	543	784	551	752	1095
247	277	278	287	286	544	816	552	784	1096
248	278	279	288	287	545	848	553	816	1097
249	280	281	290	289	546	625	554	593	1098
250	281	282	291	290	547	657	555	625	1099
251	282	283	292	291	548	689	556	657	1100
252	283	284	293	292	549	721	557	689	1101
253	284	285	294	293	550	753	558	721	1102
254	285	286	295	294	551	785	559	753	1103
255	286	287	296	295	552	817	560	785	1104
256	287	288	297	296	553	849	561	817	1105




1	1	2	11	10	298	594	306	562	850
2	2	3	12	11	299	626	307	594	851
3	3	4	13	12	300	658	308	626	852
4	4	5	14	13	301	690	309	658	853
5	5	6	15	14	302	722	310	690	854
6	6	7	16	15	303	754	311	722	855
7	7	8	17	16	304	786	312	754	856
8	8	9	18	17	305	818	313	786	857
9	10	11	20	19	306	595	314	563	858
10	11	12	21	20	307	627	315	595	859
11	12	13	22	21	308	659	316	627	860
12	13	14	23	22	309	691	317	659	861
13	14	15	24	23	310	723	318	691	862
14	15	16	25	24	311	755	319	723	863
15	16	17	26	25	312	787	320	755	864
16	17	18	27	26	313	819	321	787	865
17	19	20	29	28	314	596	322	564	866
18	20	21	30	29	315	628	323	596	867
19	21	22	31	30	316	660	324	628	868
20	22	23	32	31	317	692	325	660	869
21	23	24	33	32	318	724	326	692	870
22	24	25	34	33	319	756	327	724	871
23	25	26	35	34	320	788	328	756	872
24	26	27	36	35	321	820	329	788	873
25	28	29	38	37	322	597	330	565	874
26	29	30	39	38	323	629	331	597	875
27	30	31	40	39	324	661	332	629	876
28	31	32	41	40	325	693	333	661	877
29	32	33	42	41	326	725	334	693	878
30	33	34	43	42	327	757	335	725	879
31	34	35	44	43	328	789	336	757	880
32	35	36	45	44	329	821	337	789	881
33	37	38	47	46	330	598	338	566	882
34	38	39	48	47	331	630	339	598	883
35	39	40	49	48	332	662	340	630	884
36	40	41	50	49	333	694	341	662	885
37	41	42	51	50	334	726	342	694	886
38	42	43	52	51	335	758	343	726	887
39	43	44	53	52	336	790	344	758	888
40	44	45	54	53	337	822	345	790	889
41	46	47	56	55	338	599	346	567	890
42	47	48	57	56	339	631	347	599	891
43	48	49	58	57	340	663	348	631	892
44	49	50	59	58	341	695	349	663	893
45	50	51	60	59	342	727	350	695	894
46	51	52	61	60	343	759	351	727	895
47	52	53	62	61	344	791	352	759	896
48	53	54	63	62	345	823	353	791	897
49	55	56	65	64	346	600	354	568	898
50	56	57	66	65	347	632	355	600	899
51	57	58	67	66	348	664	356	632	900
52	58	59	68	67	349	696	357	664	901
53	59	60	69	68	350	728	358	696	902
54	60	61	70	69	351	760	359	728	903
55	61	62	71	70	352	792	360	760	904
56	62	63	72	71	353	824	361	792	905
57	64	65	74	73	354	601	362	569	906
58	65	66	75	74	355	633	363	601	907
59	66	67	76	75	356	665	364	633	908
60	67	68	77	76	357	697	365	665	909
61	68	69	78	77	358	729	366	697	910
62	69	70	79	78	359	761	367	729	911
63	70	71	80	79	360	793	368	761	912
64	71	72	81	80	361	825	369	793	913
65	73	74	83	82	362	602	370	570	914
66	74	75	84	83	363	634	371	602	915
67	75	76	85	84	364	666	372	634	916
68	76	77	86	85	365	698	373	666	917
69	77	78	87	86	366	730	374	698	918
70	78	79	88	87	367	762	375	730	919
71	79	80	89	88	368	794	376	762	920
72	80	81	90	89	369	826	377	794	921
73	82	83	92	91	370	603	378	571	922
74	83	84	93	92	371	635	379	603	923
75	84	85	94	93	372	667	380	635	924
76	85	86	95	94	373	699	381	667	925
77	86	87	96	95	374	731	382	699	926
78	87	88	97	96	375	763	383	731	927
79	88	89	98	97	376	795	384	763	928
80	89	90	99	98	377	827	385	795	929
81	91	92	101	100	378	604	386	572	930
82	92	93	102	101	379	636	387	604	931
83	93	94	103	102	380	668	388	636	932
84	94	95	104	103	381	700	389	668	933
85	95	96	105	104	382	732	390	700	934
86	96	97	106	105	383	764	391	732	935
87	97	98	107	106	384	796	392	764	936
88	98	99	108	107	385	828	393	796	937
89	100	101	110	109	386	605	394	573	938
90	101	102	111	110	387	637	395	605	939
91	102	103	112	111	388	669	396	637	940
92	103	104	113	112	389	701	397	669	941
93	104	105	114	113	390	733	398	701	942
94	105	106	115	114	391	765	399	733	943
95	106	107	116	115	392	797	400	765	944
96	107	108	117	116	393	829	401	797	945
97	109	110	119	118	394	606	402	574	946
98	110	111	120	119	395	638	403	606	947
99	111	112	121	120	396	670	404	638	948
100	112	113	122	121	397	702	405	670	949
101	113	114	123	122	398	734	406	702	950
102	114	115	124	123	399	766	407	734	951
103	115	116	125	124	400	798	408	766	952
104	116	117	126	125	401	830	409	798	953
105	118	119	128	127	402	607	410	575	954
106	119	120	129	128	403	639	411	607	955
107	120	121	130	129	404	671	412	639	956
108	121	122	131	130	405	703	413	671	957
109	122	123	132	131	406	735	414	703	958
110	123	124	133	132	407	767	415	735	959
111	124	125	134	133	408	799	416	767	960
112	125	126	135	134	409	831	417	799	961
113	127	128	137	136	410	608	418	576	962
114	128	129	138	137	411	640	419	608	963
115	129	130	139	138	412	672	420	640	964
116	130	131	140	139	413	704	421	672	965
117	131	132	141	140	414	736	422	704	966
118	132	133	142	141	415	768	423	736	967
119	133	134	143	142	416	800	424	768	968
120	134	135	144	143	417	832	425	800	969
121	136	137	146	145	418	609	426	577	970
122	137	138	147	146	419	641	427	609	971
123	138	139	148	147	420	673	428	641	972
124	139	140	149	148	421	705	429	673	973
125	140	141	150	149	422	737	430	705	974
126	141	142	151	150	423	769	431	737	975
127	142	143	152	151	424	801	432	769	976
128	143	144	153	152	425	833	433	801	977
129	145	146	155	154	426	610	434	578	978
130	146	147	156	155	427	642	435	610	979
131	147	148	157	156	428	674	436	642	980
132	148	149	158	157	429	706	437	674	981
133	149	150	159	158	430	738	438	706	982
134	150	151	160	159	431	770	439	738	983
135	151	152	161	160	432	802	440	770	984
136	152	153	162	161	433	834	441	802	985
137	154	155	164	163	434	611	442	579	986
138	155	156	165	164	435	643	443	611	987
139	156	157	166	165	436	675	444	643	988
140	157	158	167	166	437	707	445	675	989
141	158	159	168	167	438	739	446	707	990
142	159	160	169	168	439	771	447	739	991
143	160	161	170	169	440	803	448	771	992
144	161	162	171	170	441	835	449	803	993
145	163	164	173	172	442	612	450	580	994
146	164	165	174	173	443	644	451	612	995
147	165	166	175	174	444	676	452	644	996
148	166	167	176	175	445	708	453	676	997
149	167	168	177	176	446	740	454	708	998
150	168	169	178	177	447	772	455	740	999
151	169	170	179	178	448	804	456	772	1000
152	170	171	180	179	449	836	457	804	1001
153	172	173	182	181	450	613	458	581	1002
154	173	174	183	182	451	645	459	613	1003
155	174	175	184	183	452	677	460	645	1004
156	175	176	185	184	453	709	461	677	1005
157	176	177	186	185	454	741	462	709	1006
158	177	178	187	186	455	773	463	741	1007
159	178	179	188	187	456	805	464	773	1008
160	179	180	189	188	457	837	465	805	1009
161	181	182	191	190	458	614	466	582	1010
162	182	183	192	191	459	646	467	614	1011
163	183	184	193	192	460	678	468	646	1012
164	184	185	194	193	461	710	469	678	1013
165	185	186	195	194	462	742	470	710	1014
166	186	187	196	195	463	774	471	742	1015
167	187	188	197	196	464	806	472	774	1016
168	188	189	198	197	465	838	473	806	1017
169	190	191	200	199	466	615	474	583	1018
170	191	192	201	200	467	647	475	615	1019
171	192	193	202	201	468	679	476	647	1020
172	193	194	203	202	469	711	477	679	1021
173	194	195	204	203	470	743	478	711	1022
174	195	196	205	204	471	775	479	743	1023
175	196	197	206	205	472	807	480	775	1024
176	197	198	207	206	473	839	481	807	1025
177	199	200	209	208	474	616	482	584	1026
178	200	201	210	209	475	648	483	616	1027
179	201	202	211	210	476	680	484	648	1028
180	202	203	212	211	477	712	485	680	1029
181	203	204	213	212	478	744	486	712	1030
182	204	205	214	213	479	776	487	744	1031
183	205	206	215	214	480	808	488	776	1032
184	206	207	216	215	481	840	489	808	1033
185	208	209	218	217	482	617	490	585	1034
186	209	210	219	218	483	649	491	617	1035
187	210	211	220	219	484	681	492	649	1036
188	211	212	221	220	485	713	493	681	1037
189	212	213	222	221	486	745	494	713	1038
190	213	214	223	222	487	777	495	745	1039
191	214	215	224	223	488	809	496	777	1040
192	215	216	225	224	489	841	497	809	1041
193	217	218	227	226	490	618	498	586	1042
194	218	219	228	227	491	650	499	618	1043
195	219	220	229	228	492	682	500	650	1044
196	220	221	230	229	493	714	501	682	1045
197	221	222	231	230	494	746	502	714	1046
198	222	223	232	231	495	778	503	746	1047
199	223	224	233	232	496	810	504	778	1048
200	224	225	234	233	497	842	505	810	1049
201	226	227	236	235	498	619	506	587	1050
202	227	228	237	236	499	651	507	619	1051
203	228	229	238	237	500	683	508	651	1052
204	229	230	239	238	501	715	509	683	1053
205	230	231	240	239	502	747	510	715	1054
206	231	232	241	240	503	779	511	747	1055
207	232	233	242	241	504	811	512	779	1056
208	233	234	243	242	505	843	513	811	1057
209	235	236	245	244	506	620	514	588	1058
210	236	237	246	245	507	652	515	620	1059
211	237	238	247	246	508	684	516	652	1060
212	238	239	248	247	509	716	517	684	1061
213	239	240	249	248	510	748	518	716	1062
214	240	241	250	249	511	780	519	748	1063
215	241	242	251	250	512	812	520	780	1064
216	242	243	252	251	513	844	521	812	1065
217	244	245	254	253	514	621	522	589	1066
218	245	246	255	254	515	653	523	621	1067
219	246	247	256	255	516	685	524	653	1068
220	247	248	257	256	517	717	525	685	1069
221	248	249	258	257	518	749	526	717	1070
222	249	250	259	258	519	781	527	749	1071
223	250	251	260	259	520	813	528	781	1072
224	251	252	261	260	521	845	529	813	1073
225	253	254	263	262	522	622	530	590	1074
226	254	255	264	263	523	654	531	622	1075
227	255	256	265	264	524	686	532	654	1076
228	256	257	266	265	525	718	533	686	1077
229	257	258	267	266	526	750	534	718	1078
230	258	259	268	267	527	782	535	750	1079
231	259	260	269	268	528	814	536	782	1080
232	260	261	270	269	529	846	537	814	1081
233	262	263	272	271	530	623	538	591	1082
234	263	264	273	272	531	655	539	623	1083
235	264	265	274	273	532	687	540	655	1084
236	265	266	275	274	533	719	541	687	1085
237	266	267	276	275	534	751	542	719	1086
238	267	268	277	276	535	783	543	751	1087
239	268	269	278	277	536	815	544	783	1088
240	269	270	279	278	537	847	545	815	1089
241	271	272	281	280	538	624	546	592	1090
242	272	273	282	281	539	656	547	624	1091
243	273	274	283	282	540	688	548	656	1092
244	274	275	284	283	541	720	549	688	1093
245	275	276	285	284	542	752	550	720	1094
246	276	277	286	285	543	784	551	752	1095
247	277	278	287	286	544	816	552	784	1096
248	278	279	288	287	545	848	553	816	1097
249	280	281	290	289	546	625	554	593	1098
250	281	282	291	290	547	657	555	625	1099
251	282	283	292	291	548	689	556	657	1100
252	283	284	293	292	549	721	557	689	1101
253	284	285	294	293	550	753	558	721	1102
254	285	286	295	294	551	785	559	753	1103
255	286	287	296	295	552	817	560	785	1104
256	287	288	297	296	553	849	561	817	1105
