421	 1.0d-1 0.0d0
842	 1.0d-1 0.0d0
422  1.0d-1 0.0d0
843	 1.0d-1 0.0d0
423	 1.0d-1 0.0d0
844	 1.0d-1 0.0d0
424  1.0d-1 0.0d0
845	 1.0d-1 0.0d0
425	 1.0d-1 0.0d0
846	 1.0d-1 0.0d0
426  1.0d-1 0.0d0
847	 1.0d-1 0.0d0
427	 1.0d-1 0.0d0
848	 1.0d-1 0.0d0
428  1.0d-1 0.0d0
849	 1.0d-1 0.0d0
429	 1.0d-1 0.0d0
850	 1.0d-1 0.0d0
430  1.0d-1 0.0d0
851	 1.0d-1 0.0d0 
431	 1.0d-1 0.0d0
852	 1.0d-1 0.0d0
432  1.0d-1 0.0d0
853	 1.0d-1 0.0d0
433	 1.0d-1 0.0d0
854	 1.0d-1 0.0d0
434  1.0d-1 0.0d0
855	 1.0d-1 0.0d0
435	 1.0d-1 0.0d0
856	 1.0d-1 0.0d0
436  1.0d-1 0.0d0
857	 1.0d-1 0.0d0
437	 1.0d-1 0.0d0
858	 1.0d-1 0.0d0
438  1.0d-1 0.0d0
859	 1.0d-1 0.0d0
439	 1.0d-1 0.0d0
860	 1.0d-1 0.0d0
440  1.0d-1 0.0d0
861	 1.0d-1 0.0d0
441  1.0d-1 0.0d0		
0 0 0

	
				
0 0 0				
				
				
				
				
				
