         981
   1  1
         956   1.00000000000000     
         956  0.800000000000000     
 
        1006
   1  1
         956   1.00000000000000     
         956  0.600000000000000     
 
        1031
   1  1
         956   1.00000000000000     
         956  0.400000000000000     
 
        1056
   1  1
         956   1.00000000000000     
         956  0.200000000000000     
 
        1081
   1  1
         956   1.00000000000000     
         956  0.000000000000000E+000
 
        1231
   1  1
         956   1.00000000000000     
         956  0.900000000000000     
 
        1256
   1  1
         956   1.00000000000000     
         956  0.700000000000000     
 
        1281
   1  1
         956   1.00000000000000     
         956  0.500000000000000     
 
        1306
   1  1
         956   1.00000000000000     
         956  0.300000000000000     
 
        1331
   1  1
         956   1.00000000000000     
         956  9.999999999999987E-002
 
         830
   1  1
         805   1.00000000000000     
         805  0.800000000000000     
 
         855
   1  1
         805   1.00000000000000     
         805  0.600000000000000     
 
         880
   1  1
         805   1.00000000000000     
         805  0.400000000000000     
 
         905
   1  1
         805   1.00000000000000     
         805  0.200000000000000     
 
         930
   1  1
         805   1.00000000000000     
         805  0.000000000000000E+000
 
        1197
   1  1
         805   1.00000000000000     
         805  0.900000000000000     
 
        1198
   1  1
         805   1.00000000000000     
         805  0.700000000000000     
 
        1199
   1  1
         805   1.00000000000000     
         805  0.500000000000000     
 
        1200
   1  1
         805   1.00000000000000     
         805  0.300000000000000     
 
        1201
   1  1
         805   1.00000000000000     
         805  9.999999999999987E-002
 
         980
   1  1
         955   1.00000000000000     
         955  0.800000000000000     
 
        1005
   1  1
         955   1.00000000000000     
         955  0.600000000000000     
 
        1030
   1  1
         955   1.00000000000000     
         955  0.400000000000000     
 
        1055
   1  1
         955   1.00000000000000     
         955  0.200000000000000     
 
        1080
   1  1
         955   1.00000000000000     
         955  0.000000000000000E+000
 
        1230
   1  1
         955   1.00000000000000     
         955  0.900000000000000     
 
        1255
   1  1
         955   1.00000000000000     
         955  0.700000000000000     
 
        1280
   1  1
         955   1.00000000000000     
         955  0.500000000000000     
 
        1305
   1  1
         955   1.00000000000000     
         955  0.300000000000000     
 
        1330
   1  1
         955   1.00000000000000     
         955  9.999999999999987E-002
 
         829
   1  1
         804   1.00000000000000     
         804  0.800000000000000     
 
         854
   1  1
         804   1.00000000000000     
         804  0.600000000000000     
 
         879
   1  1
         804   1.00000000000000     
         804  0.400000000000000     
 
         904
   1  1
         804   1.00000000000000     
         804  0.200000000000000     
 
         929
   1  1
         804   1.00000000000000     
         804  0.000000000000000E+000
 
        1192
   1  1
         804   1.00000000000000     
         804  0.900000000000000     
 
        1193
   1  1
         804   1.00000000000000     
         804  0.700000000000000     
 
        1194
   1  1
         804   1.00000000000000     
         804  0.500000000000000     
 
        1195
   1  1
         804   1.00000000000000     
         804  0.300000000000000     
 
        1196
   1  1
         804   1.00000000000000     
         804  9.999999999999987E-002
 
         979
   1  1
         954   1.00000000000000     
         954  0.800000000000000     
 
        1004
   1  1
         954   1.00000000000000     
         954  0.600000000000000     
 
        1029
   1  1
         954   1.00000000000000     
         954  0.400000000000000     
 
        1054
   1  1
         954   1.00000000000000     
         954  0.200000000000000     
 
        1079
   1  1
         954   1.00000000000000     
         954  0.000000000000000E+000
 
        1229
   1  1
         954   1.00000000000000     
         954  0.900000000000000     
 
        1254
   1  1
         954   1.00000000000000     
         954  0.700000000000000     
 
        1279
   1  1
         954   1.00000000000000     
         954  0.500000000000000     
 
        1304
   1  1
         954   1.00000000000000     
         954  0.300000000000000     
 
        1329
   1  1
         954   1.00000000000000     
         954  9.999999999999987E-002
 
         828
   1  1
         803   1.00000000000000     
         803  0.800000000000000     
 
         853
   1  1
         803   1.00000000000000     
         803  0.600000000000000     
 
         878
   1  1
         803   1.00000000000000     
         803  0.400000000000000     
 
         903
   1  1
         803   1.00000000000000     
         803  0.200000000000000     
 
         928
   1  1
         803   1.00000000000000     
         803  0.000000000000000E+000
 
        1187
   1  1
         803   1.00000000000000     
         803  0.900000000000000     
 
        1188
   1  1
         803   1.00000000000000     
         803  0.700000000000000     
 
        1189
   1  1
         803   1.00000000000000     
         803  0.500000000000000     
 
        1190
   1  1
         803   1.00000000000000     
         803  0.300000000000000     
 
        1191
   1  1
         803   1.00000000000000     
         803  9.999999999999987E-002
 
         978
   1  1
         953   1.00000000000000     
         953  0.800000000000000     
 
        1003
   1  1
         953   1.00000000000000     
         953  0.600000000000000     
 
        1028
   1  1
         953   1.00000000000000     
         953  0.400000000000000     
 
        1053
   1  1
         953   1.00000000000000     
         953  0.200000000000000     
 
        1078
   1  1
         953   1.00000000000000     
         953  0.000000000000000E+000
 
        1228
   1  1
         953   1.00000000000000     
         953  0.900000000000000     
 
        1253
   1  1
         953   1.00000000000000     
         953  0.700000000000000     
 
        1278
   1  1
         953   1.00000000000000     
         953  0.500000000000000     
 
        1303
   1  1
         953   1.00000000000000     
         953  0.300000000000000     
 
        1328
   1  1
         953   1.00000000000000     
         953  9.999999999999987E-002
 
         827
   1  1
         802   1.00000000000000     
         802  0.800000000000000     
 
         852
   1  1
         802   1.00000000000000     
         802  0.600000000000000     
 
         877
   1  1
         802   1.00000000000000     
         802  0.400000000000000     
 
         902
   1  1
         802   1.00000000000000     
         802  0.200000000000000     
 
         927
   1  1
         802   1.00000000000000     
         802  0.000000000000000E+000
 
        1182
   1  1
         802   1.00000000000000     
         802  0.900000000000000     
 
        1183
   1  1
         802   1.00000000000000     
         802  0.700000000000000     
 
        1184
   1  1
         802   1.00000000000000     
         802  0.500000000000000     
 
        1185
   1  1
         802   1.00000000000000     
         802  0.300000000000000     
 
        1186
   1  1
         802   1.00000000000000     
         802  9.999999999999987E-002
 
         977
   1  1
         952   1.00000000000000     
         952  0.800000000000000     
 
        1002
   1  1
         952   1.00000000000000     
         952  0.600000000000000     
 
        1027
   1  1
         952   1.00000000000000     
         952  0.400000000000000     
 
        1052
   1  1
         952   1.00000000000000     
         952  0.200000000000000     
 
        1077
   1  1
         952   1.00000000000000     
         952  0.000000000000000E+000
 
        1227
   1  1
         952   1.00000000000000     
         952  0.900000000000000     
 
        1252
   1  1
         952   1.00000000000000     
         952  0.700000000000000     
 
        1277
   1  1
         952   1.00000000000000     
         952  0.500000000000000     
 
        1302
   1  1
         952   1.00000000000000     
         952  0.300000000000000     
 
        1327
   1  1
         952   1.00000000000000     
         952  9.999999999999987E-002
 
         826
   1  1
         801   1.00000000000000     
         801  0.800000000000000     
 
         851
   1  1
         801   1.00000000000000     
         801  0.600000000000000     
 
         876
   1  1
         801   1.00000000000000     
         801  0.400000000000000     
 
         901
   1  1
         801   1.00000000000000     
         801  0.200000000000000     
 
         926
   1  1
         801   1.00000000000000     
         801  0.000000000000000E+000
 
        1177
   1  1
         801   1.00000000000000     
         801  0.900000000000000     
 
        1178
   1  1
         801   1.00000000000000     
         801  0.700000000000000     
 
        1179
   1  1
         801   1.00000000000000     
         801  0.500000000000000     
 
        1180
   1  1
         801   1.00000000000000     
         801  0.300000000000000     
 
        1181
   1  1
         801   1.00000000000000     
         801  9.999999999999987E-002
 
         976
   1  1
         951   1.00000000000000     
         951  0.800000000000000     
 
        1001
   1  1
         951   1.00000000000000     
         951  0.600000000000000     
 
        1026
   1  1
         951   1.00000000000000     
         951  0.400000000000000     
 
        1051
   1  1
         951   1.00000000000000     
         951  0.200000000000000     
 
        1076
   1  1
         951   1.00000000000000     
         951  0.000000000000000E+000
 
        1226
   1  1
         951   1.00000000000000     
         951  0.900000000000000     
 
        1251
   1  1
         951   1.00000000000000     
         951  0.700000000000000     
 
        1276
   1  1
         951   1.00000000000000     
         951  0.500000000000000     
 
        1301
   1  1
         951   1.00000000000000     
         951  0.300000000000000     
 
        1326
   1  1
         951   1.00000000000000     
         951  9.999999999999987E-002
 
         825
   1  1
         800   1.00000000000000     
         800  0.800000000000000     
 
         850
   1  1
         800   1.00000000000000     
         800  0.600000000000000     
 
         875
   1  1
         800   1.00000000000000     
         800  0.400000000000000     
 
         900
   1  1
         800   1.00000000000000     
         800  0.200000000000000     
 
         925
   1  1
         800   1.00000000000000     
         800  0.000000000000000E+000
 
        1172
   1  1
         800   1.00000000000000     
         800  0.900000000000000     
 
        1173
   1  1
         800   1.00000000000000     
         800  0.700000000000000     
 
        1174
   1  1
         800   1.00000000000000     
         800  0.500000000000000     
 
        1175
   1  1
         800   1.00000000000000     
         800  0.300000000000000     
 
        1176
   1  1
         800   1.00000000000000     
         800  9.999999999999987E-002
 
         975
   1  1
         950   1.00000000000000     
         950  0.800000000000000     
 
        1000
   1  1
         950   1.00000000000000     
         950  0.600000000000000     
 
        1025
   1  1
         950   1.00000000000000     
         950  0.400000000000000     
 
        1050
   1  1
         950   1.00000000000000     
         950  0.200000000000000     
 
        1075
   1  1
         950   1.00000000000000     
         950  0.000000000000000E+000
 
        1225
   1  1
         950   1.00000000000000     
         950  0.900000000000000     
 
        1250
   1  1
         950   1.00000000000000     
         950  0.700000000000000     
 
        1275
   1  1
         950   1.00000000000000     
         950  0.500000000000000     
 
        1300
   1  1
         950   1.00000000000000     
         950  0.300000000000000     
 
        1325
   1  1
         950   1.00000000000000     
         950  9.999999999999987E-002
 
         824
   1  1
         799   1.00000000000000     
         799  0.800000000000000     
 
         849
   1  1
         799   1.00000000000000     
         799  0.600000000000000     
 
         874
   1  1
         799   1.00000000000000     
         799  0.400000000000000     
 
         899
   1  1
         799   1.00000000000000     
         799  0.200000000000000     
 
         924
   1  1
         799   1.00000000000000     
         799  0.000000000000000E+000
 
        1167
   1  1
         799   1.00000000000000     
         799  0.900000000000000     
 
        1168
   1  1
         799   1.00000000000000     
         799  0.700000000000000     
 
        1169
   1  1
         799   1.00000000000000     
         799  0.500000000000000     
 
        1170
   1  1
         799   1.00000000000000     
         799  0.300000000000000     
 
        1171
   1  1
         799   1.00000000000000     
         799  9.999999999999987E-002
 
         974
   1  1
         949   1.00000000000000     
         949  0.800000000000000     
 
         999
   1  1
         949   1.00000000000000     
         949  0.600000000000000     
 
        1024
   1  1
         949   1.00000000000000     
         949  0.400000000000000     
 
        1049
   1  1
         949   1.00000000000000     
         949  0.200000000000000     
 
        1074
   1  1
         949   1.00000000000000     
         949  0.000000000000000E+000
 
        1224
   1  1
         949   1.00000000000000     
         949  0.900000000000000     
 
        1249
   1  1
         949   1.00000000000000     
         949  0.700000000000000     
 
        1274
   1  1
         949   1.00000000000000     
         949  0.500000000000000     
 
        1299
   1  1
         949   1.00000000000000     
         949  0.300000000000000     
 
        1324
   1  1
         949   1.00000000000000     
         949  9.999999999999987E-002
 
         823
   1  1
         798   1.00000000000000     
         798  0.800000000000000     
 
         848
   1  1
         798   1.00000000000000     
         798  0.600000000000000     
 
         873
   1  1
         798   1.00000000000000     
         798  0.400000000000000     
 
         898
   1  1
         798   1.00000000000000     
         798  0.200000000000000     
 
         923
   1  1
         798   1.00000000000000     
         798  0.000000000000000E+000
 
        1162
   1  1
         798   1.00000000000000     
         798  0.900000000000000     
 
        1163
   1  1
         798   1.00000000000000     
         798  0.700000000000000     
 
        1164
   1  1
         798   1.00000000000000     
         798  0.500000000000000     
 
        1165
   1  1
         798   1.00000000000000     
         798  0.300000000000000     
 
        1166
   1  1
         798   1.00000000000000     
         798  9.999999999999987E-002
 
         973
   1  1
         948   1.00000000000000     
         948  0.800000000000000     
 
         998
   1  1
         948   1.00000000000000     
         948  0.600000000000000     
 
        1023
   1  1
         948   1.00000000000000     
         948  0.400000000000000     
 
        1048
   1  1
         948   1.00000000000000     
         948  0.200000000000000     
 
        1073
   1  1
         948   1.00000000000000     
         948  0.000000000000000E+000
 
        1223
   1  1
         948   1.00000000000000     
         948  0.900000000000000     
 
        1248
   1  1
         948   1.00000000000000     
         948  0.700000000000000     
 
        1273
   1  1
         948   1.00000000000000     
         948  0.500000000000000     
 
        1298
   1  1
         948   1.00000000000000     
         948  0.300000000000000     
 
        1323
   1  1
         948   1.00000000000000     
         948  9.999999999999987E-002
 
         822
   1  1
         797   1.00000000000000     
         797  0.800000000000000     
 
         847
   1  1
         797   1.00000000000000     
         797  0.600000000000000     
 
         872
   1  1
         797   1.00000000000000     
         797  0.400000000000000     
 
         897
   1  1
         797   1.00000000000000     
         797  0.200000000000000     
 
         922
   1  1
         797   1.00000000000000     
         797  0.000000000000000E+000
 
        1157
   1  1
         797   1.00000000000000     
         797  0.900000000000000     
 
        1158
   1  1
         797   1.00000000000000     
         797  0.700000000000000     
 
        1159
   1  1
         797   1.00000000000000     
         797  0.500000000000000     
 
        1160
   1  1
         797   1.00000000000000     
         797  0.300000000000000     
 
        1161
   1  1
         797   1.00000000000000     
         797  9.999999999999987E-002
 
         972
   1  1
         947   1.00000000000000     
         947  0.800000000000000     
 
         997
   1  1
         947   1.00000000000000     
         947  0.600000000000000     
 
        1022
   1  1
         947   1.00000000000000     
         947  0.400000000000000     
 
        1047
   1  1
         947   1.00000000000000     
         947  0.200000000000000     
 
        1072
   1  1
         947   1.00000000000000     
         947  0.000000000000000E+000
 
        1222
   1  1
         947   1.00000000000000     
         947  0.900000000000000     
 
        1247
   1  1
         947   1.00000000000000     
         947  0.700000000000000     
 
        1272
   1  1
         947   1.00000000000000     
         947  0.500000000000000     
 
        1297
   1  1
         947   1.00000000000000     
         947  0.300000000000000     
 
        1322
   1  1
         947   1.00000000000000     
         947  9.999999999999987E-002
 
         821
   1  1
         796   1.00000000000000     
         796  0.800000000000000     
 
         846
   1  1
         796   1.00000000000000     
         796  0.600000000000000     
 
         871
   1  1
         796   1.00000000000000     
         796  0.400000000000000     
 
         896
   1  1
         796   1.00000000000000     
         796  0.200000000000000     
 
         921
   1  1
         796   1.00000000000000     
         796  0.000000000000000E+000
 
        1152
   1  1
         796   1.00000000000000     
         796  0.900000000000000     
 
        1153
   1  1
         796   1.00000000000000     
         796  0.700000000000000     
 
        1154
   1  1
         796   1.00000000000000     
         796  0.500000000000000     
 
        1155
   1  1
         796   1.00000000000000     
         796  0.300000000000000     
 
        1156
   1  1
         796   1.00000000000000     
         796  9.999999999999987E-002
 
         971
   1  1
         946   1.00000000000000     
         946  0.800000000000000     
 
         996
   1  1
         946   1.00000000000000     
         946  0.600000000000000     
 
        1021
   1  1
         946   1.00000000000000     
         946  0.400000000000000     
 
        1046
   1  1
         946   1.00000000000000     
         946  0.200000000000000     
 
        1071
   1  1
         946   1.00000000000000     
         946  0.000000000000000E+000
 
        1221
   1  1
         946   1.00000000000000     
         946  0.900000000000000     
 
        1246
   1  1
         946   1.00000000000000     
         946  0.700000000000000     
 
        1271
   1  1
         946   1.00000000000000     
         946  0.500000000000000     
 
        1296
   1  1
         946   1.00000000000000     
         946  0.300000000000000     
 
        1321
   1  1
         946   1.00000000000000     
         946  9.999999999999987E-002
 
         820
   1  1
         795   1.00000000000000     
         795  0.800000000000000     
 
         845
   1  1
         795   1.00000000000000     
         795  0.600000000000000     
 
         870
   1  1
         795   1.00000000000000     
         795  0.400000000000000     
 
         895
   1  1
         795   1.00000000000000     
         795  0.200000000000000     
 
         920
   1  1
         795   1.00000000000000     
         795  0.000000000000000E+000
 
        1147
   1  1
         795   1.00000000000000     
         795  0.900000000000000     
 
        1148
   1  1
         795   1.00000000000000     
         795  0.700000000000000     
 
        1149
   1  1
         795   1.00000000000000     
         795  0.500000000000000     
 
        1150
   1  1
         795   1.00000000000000     
         795  0.300000000000000     
 
        1151
   1  1
         795   1.00000000000000     
         795  9.999999999999987E-002
 
         970
   1  1
         945   1.00000000000000     
         945  0.800000000000000     
 
         995
   1  1
         945   1.00000000000000     
         945  0.600000000000000     
 
        1020
   1  1
         945   1.00000000000000     
         945  0.400000000000000     
 
        1045
   1  1
         945   1.00000000000000     
         945  0.200000000000000     
 
        1070
   1  1
         945   1.00000000000000     
         945  0.000000000000000E+000
 
        1220
   1  1
         945   1.00000000000000     
         945  0.900000000000000     
 
        1245
   1  1
         945   1.00000000000000     
         945  0.700000000000000     
 
        1270
   1  1
         945   1.00000000000000     
         945  0.500000000000000     
 
        1295
   1  1
         945   1.00000000000000     
         945  0.300000000000000     
 
        1320
   1  1
         945   1.00000000000000     
         945  9.999999999999987E-002
 
         819
   1  1
         794   1.00000000000000     
         794  0.800000000000000     
 
         844
   1  1
         794   1.00000000000000     
         794  0.600000000000000     
 
         869
   1  1
         794   1.00000000000000     
         794  0.400000000000000     
 
         894
   1  1
         794   1.00000000000000     
         794  0.200000000000000     
 
         919
   1  1
         794   1.00000000000000     
         794  0.000000000000000E+000
 
        1142
   1  1
         794   1.00000000000000     
         794  0.900000000000000     
 
        1143
   1  1
         794   1.00000000000000     
         794  0.700000000000000     
 
        1144
   1  1
         794   1.00000000000000     
         794  0.500000000000000     
 
        1145
   1  1
         794   1.00000000000000     
         794  0.300000000000000     
 
        1146
   1  1
         794   1.00000000000000     
         794  9.999999999999987E-002
 
         969
   1  1
         944   1.00000000000000     
         944  0.800000000000000     
 
         994
   1  1
         944   1.00000000000000     
         944  0.600000000000000     
 
        1019
   1  1
         944   1.00000000000000     
         944  0.400000000000000     
 
        1044
   1  1
         944   1.00000000000000     
         944  0.200000000000000     
 
        1069
   1  1
         944   1.00000000000000     
         944  0.000000000000000E+000
 
        1219
   1  1
         944   1.00000000000000     
         944  0.900000000000000     
 
        1244
   1  1
         944   1.00000000000000     
         944  0.700000000000000     
 
        1269
   1  1
         944   1.00000000000000     
         944  0.500000000000000     
 
        1294
   1  1
         944   1.00000000000000     
         944  0.300000000000000     
 
        1319
   1  1
         944   1.00000000000000     
         944  9.999999999999987E-002
 
         818
   1  1
         793   1.00000000000000     
         793  0.800000000000000     
 
         843
   1  1
         793   1.00000000000000     
         793  0.600000000000000     
 
         868
   1  1
         793   1.00000000000000     
         793  0.400000000000000     
 
         893
   1  1
         793   1.00000000000000     
         793  0.200000000000000     
 
         918
   1  1
         793   1.00000000000000     
         793  0.000000000000000E+000
 
        1137
   1  1
         793   1.00000000000000     
         793  0.900000000000000     
 
        1138
   1  1
         793   1.00000000000000     
         793  0.700000000000000     
 
        1139
   1  1
         793   1.00000000000000     
         793  0.500000000000000     
 
        1140
   1  1
         793   1.00000000000000     
         793  0.300000000000000     
 
        1141
   1  1
         793   1.00000000000000     
         793  9.999999999999987E-002
 
         968
   1  1
         943   1.00000000000000     
         943  0.800000000000000     
 
         993
   1  1
         943   1.00000000000000     
         943  0.600000000000000     
 
        1018
   1  1
         943   1.00000000000000     
         943  0.400000000000000     
 
        1043
   1  1
         943   1.00000000000000     
         943  0.200000000000000     
 
        1068
   1  1
         943   1.00000000000000     
         943  0.000000000000000E+000
 
        1218
   1  1
         943   1.00000000000000     
         943  0.900000000000000     
 
        1243
   1  1
         943   1.00000000000000     
         943  0.700000000000000     
 
        1268
   1  1
         943   1.00000000000000     
         943  0.500000000000000     
 
        1293
   1  1
         943   1.00000000000000     
         943  0.300000000000000     
 
        1318
   1  1
         943   1.00000000000000     
         943  9.999999999999987E-002
 
         817
   1  1
         792   1.00000000000000     
         792  0.800000000000000     
 
         842
   1  1
         792   1.00000000000000     
         792  0.600000000000000     
 
         867
   1  1
         792   1.00000000000000     
         792  0.400000000000000     
 
         892
   1  1
         792   1.00000000000000     
         792  0.200000000000000     
 
         917
   1  1
         792   1.00000000000000     
         792  0.000000000000000E+000
 
        1132
   1  1
         792   1.00000000000000     
         792  0.900000000000000     
 
        1133
   1  1
         792   1.00000000000000     
         792  0.700000000000000     
 
        1134
   1  1
         792   1.00000000000000     
         792  0.500000000000000     
 
        1135
   1  1
         792   1.00000000000000     
         792  0.300000000000000     
 
        1136
   1  1
         792   1.00000000000000     
         792  9.999999999999987E-002
 
         967
   1  1
         942   1.00000000000000     
         942  0.800000000000000     
 
         992
   1  1
         942   1.00000000000000     
         942  0.600000000000000     
 
        1017
   1  1
         942   1.00000000000000     
         942  0.400000000000000     
 
        1042
   1  1
         942   1.00000000000000     
         942  0.200000000000000     
 
        1067
   1  1
         942   1.00000000000000     
         942  0.000000000000000E+000
 
        1217
   1  1
         942   1.00000000000000     
         942  0.900000000000000     
 
        1242
   1  1
         942   1.00000000000000     
         942  0.700000000000000     
 
        1267
   1  1
         942   1.00000000000000     
         942  0.500000000000000     
 
        1292
   1  1
         942   1.00000000000000     
         942  0.300000000000000     
 
        1317
   1  1
         942   1.00000000000000     
         942  9.999999999999987E-002
 
         816
   1  1
         791   1.00000000000000     
         791  0.800000000000000     
 
         841
   1  1
         791   1.00000000000000     
         791  0.600000000000000     
 
         866
   1  1
         791   1.00000000000000     
         791  0.400000000000000     
 
         891
   1  1
         791   1.00000000000000     
         791  0.200000000000000     
 
         916
   1  1
         791   1.00000000000000     
         791  0.000000000000000E+000
 
        1127
   1  1
         791   1.00000000000000     
         791  0.900000000000000     
 
        1128
   1  1
         791   1.00000000000000     
         791  0.700000000000000     
 
        1129
   1  1
         791   1.00000000000000     
         791  0.500000000000000     
 
        1130
   1  1
         791   1.00000000000000     
         791  0.300000000000000     
 
        1131
   1  1
         791   1.00000000000000     
         791  9.999999999999987E-002
 
         966
   1  1
         941   1.00000000000000     
         941  0.800000000000000     
 
         991
   1  1
         941   1.00000000000000     
         941  0.600000000000000     
 
        1016
   1  1
         941   1.00000000000000     
         941  0.400000000000000     
 
        1041
   1  1
         941   1.00000000000000     
         941  0.200000000000000     
 
        1066
   1  1
         941   1.00000000000000     
         941  0.000000000000000E+000
 
        1216
   1  1
         941   1.00000000000000     
         941  0.900000000000000     
 
        1241
   1  1
         941   1.00000000000000     
         941  0.700000000000000     
 
        1266
   1  1
         941   1.00000000000000     
         941  0.500000000000000     
 
        1291
   1  1
         941   1.00000000000000     
         941  0.300000000000000     
 
        1316
   1  1
         941   1.00000000000000     
         941  9.999999999999987E-002
 
         815
   1  1
         790   1.00000000000000     
         790  0.800000000000000     
 
         840
   1  1
         790   1.00000000000000     
         790  0.600000000000000     
 
         865
   1  1
         790   1.00000000000000     
         790  0.400000000000000     
 
         890
   1  1
         790   1.00000000000000     
         790  0.200000000000000     
 
         915
   1  1
         790   1.00000000000000     
         790  0.000000000000000E+000
 
        1122
   1  1
         790   1.00000000000000     
         790  0.900000000000000     
 
        1123
   1  1
         790   1.00000000000000     
         790  0.700000000000000     
 
        1124
   1  1
         790   1.00000000000000     
         790  0.500000000000000     
 
        1125
   1  1
         790   1.00000000000000     
         790  0.300000000000000     
 
        1126
   1  1
         790   1.00000000000000     
         790  9.999999999999987E-002
 
         965
   1  1
         940   1.00000000000000     
         940  0.800000000000000     
 
         990
   1  1
         940   1.00000000000000     
         940  0.600000000000000     
 
        1015
   1  1
         940   1.00000000000000     
         940  0.400000000000000     
 
        1040
   1  1
         940   1.00000000000000     
         940  0.200000000000000     
 
        1065
   1  1
         940   1.00000000000000     
         940  0.000000000000000E+000
 
        1215
   1  1
         940   1.00000000000000     
         940  0.900000000000000     
 
        1240
   1  1
         940   1.00000000000000     
         940  0.700000000000000     
 
        1265
   1  1
         940   1.00000000000000     
         940  0.500000000000000     
 
        1290
   1  1
         940   1.00000000000000     
         940  0.300000000000000     
 
        1315
   1  1
         940   1.00000000000000     
         940  9.999999999999987E-002
 
         814
   1  1
         789   1.00000000000000     
         789  0.800000000000000     
 
         839
   1  1
         789   1.00000000000000     
         789  0.600000000000000     
 
         864
   1  1
         789   1.00000000000000     
         789  0.400000000000000     
 
         889
   1  1
         789   1.00000000000000     
         789  0.200000000000000     
 
         914
   1  1
         789   1.00000000000000     
         789  0.000000000000000E+000
 
        1117
   1  1
         789   1.00000000000000     
         789  0.900000000000000     
 
        1118
   1  1
         789   1.00000000000000     
         789  0.700000000000000     
 
        1119
   1  1
         789   1.00000000000000     
         789  0.500000000000000     
 
        1120
   1  1
         789   1.00000000000000     
         789  0.300000000000000     
 
        1121
   1  1
         789   1.00000000000000     
         789  9.999999999999987E-002
 
         964
   1  1
         939   1.00000000000000     
         939  0.800000000000000     
 
         989
   1  1
         939   1.00000000000000     
         939  0.600000000000000     
 
        1014
   1  1
         939   1.00000000000000     
         939  0.400000000000000     
 
        1039
   1  1
         939   1.00000000000000     
         939  0.200000000000000     
 
        1064
   1  1
         939   1.00000000000000     
         939  0.000000000000000E+000
 
        1214
   1  1
         939   1.00000000000000     
         939  0.900000000000000     
 
        1239
   1  1
         939   1.00000000000000     
         939  0.700000000000000     
 
        1264
   1  1
         939   1.00000000000000     
         939  0.500000000000000     
 
        1289
   1  1
         939   1.00000000000000     
         939  0.300000000000000     
 
        1314
   1  1
         939   1.00000000000000     
         939  9.999999999999987E-002
 
         813
   1  1
         788   1.00000000000000     
         788  0.800000000000000     
 
         838
   1  1
         788   1.00000000000000     
         788  0.600000000000000     
 
         863
   1  1
         788   1.00000000000000     
         788  0.400000000000000     
 
         888
   1  1
         788   1.00000000000000     
         788  0.200000000000000     
 
         913
   1  1
         788   1.00000000000000     
         788  0.000000000000000E+000
 
        1112
   1  1
         788   1.00000000000000     
         788  0.900000000000000     
 
        1113
   1  1
         788   1.00000000000000     
         788  0.700000000000000     
 
        1114
   1  1
         788   1.00000000000000     
         788  0.500000000000000     
 
        1115
   1  1
         788   1.00000000000000     
         788  0.300000000000000     
 
        1116
   1  1
         788   1.00000000000000     
         788  9.999999999999987E-002
 
         963
   1  1
         938   1.00000000000000     
         938  0.800000000000000     
 
         988
   1  1
         938   1.00000000000000     
         938  0.600000000000000     
 
        1013
   1  1
         938   1.00000000000000     
         938  0.400000000000000     
 
        1038
   1  1
         938   1.00000000000000     
         938  0.200000000000000     
 
        1063
   1  1
         938   1.00000000000000     
         938  0.000000000000000E+000
 
        1213
   1  1
         938   1.00000000000000     
         938  0.900000000000000     
 
        1238
   1  1
         938   1.00000000000000     
         938  0.700000000000000     
 
        1263
   1  1
         938   1.00000000000000     
         938  0.500000000000000     
 
        1288
   1  1
         938   1.00000000000000     
         938  0.300000000000000     
 
        1313
   1  1
         938   1.00000000000000     
         938  9.999999999999987E-002
 
         812
   1  1
         787   1.00000000000000     
         787  0.800000000000000     
 
         837
   1  1
         787   1.00000000000000     
         787  0.600000000000000     
 
         862
   1  1
         787   1.00000000000000     
         787  0.400000000000000     
 
         887
   1  1
         787   1.00000000000000     
         787  0.200000000000000     
 
         912
   1  1
         787   1.00000000000000     
         787  0.000000000000000E+000
 
        1107
   1  1
         787   1.00000000000000     
         787  0.900000000000000     
 
        1108
   1  1
         787   1.00000000000000     
         787  0.700000000000000     
 
        1109
   1  1
         787   1.00000000000000     
         787  0.500000000000000     
 
        1110
   1  1
         787   1.00000000000000     
         787  0.300000000000000     
 
        1111
   1  1
         787   1.00000000000000     
         787  9.999999999999987E-002
 
         962
   1  1
         937   1.00000000000000     
         937  0.800000000000000     
 
         987
   1  1
         937   1.00000000000000     
         937  0.600000000000000     
 
        1012
   1  1
         937   1.00000000000000     
         937  0.400000000000000     
 
        1037
   1  1
         937   1.00000000000000     
         937  0.200000000000000     
 
        1062
   1  1
         937   1.00000000000000     
         937  0.000000000000000E+000
 
        1212
   1  1
         937   1.00000000000000     
         937  0.900000000000000     
 
        1237
   1  1
         937   1.00000000000000     
         937  0.700000000000000     
 
        1262
   1  1
         937   1.00000000000000     
         937  0.500000000000000     
 
        1287
   1  1
         937   1.00000000000000     
         937  0.300000000000000     
 
        1312
   1  1
         937   1.00000000000000     
         937  9.999999999999987E-002
 
         811
   1  1
         786   1.00000000000000     
         786  0.800000000000000     
 
         836
   1  1
         786   1.00000000000000     
         786  0.600000000000000     
 
         861
   1  1
         786   1.00000000000000     
         786  0.400000000000000     
 
         886
   1  1
         786   1.00000000000000     
         786  0.200000000000000     
 
         911
   1  1
         786   1.00000000000000     
         786  0.000000000000000E+000
 
        1102
   1  1
         786   1.00000000000000     
         786  0.900000000000000     
 
        1103
   1  1
         786   1.00000000000000     
         786  0.700000000000000     
 
        1104
   1  1
         786   1.00000000000000     
         786  0.500000000000000     
 
        1105
   1  1
         786   1.00000000000000     
         786  0.300000000000000     
 
        1106
   1  1
         786   1.00000000000000     
         786  9.999999999999987E-002
 
         961
   1  1
         936   1.00000000000000     
         936  0.800000000000000     
 
         986
   1  1
         936   1.00000000000000     
         936  0.600000000000000     
 
        1011
   1  1
         936   1.00000000000000     
         936  0.400000000000000     
 
        1036
   1  1
         936   1.00000000000000     
         936  0.200000000000000     
 
        1061
   1  1
         936   1.00000000000000     
         936  0.000000000000000E+000
 
        1211
   1  1
         936   1.00000000000000     
         936  0.900000000000000     
 
        1236
   1  1
         936   1.00000000000000     
         936  0.700000000000000     
 
        1261
   1  1
         936   1.00000000000000     
         936  0.500000000000000     
 
        1286
   1  1
         936   1.00000000000000     
         936  0.300000000000000     
 
        1311
   1  1
         936   1.00000000000000     
         936  9.999999999999987E-002
 
         810
   1  1
         785   1.00000000000000     
         785  0.800000000000000     
 
         835
   1  1
         785   1.00000000000000     
         785  0.600000000000000     
 
         860
   1  1
         785   1.00000000000000     
         785  0.400000000000000     
 
         885
   1  1
         785   1.00000000000000     
         785  0.200000000000000     
 
         910
   1  1
         785   1.00000000000000     
         785  0.000000000000000E+000
 
        1097
   1  1
         785   1.00000000000000     
         785  0.900000000000000     
 
        1098
   1  1
         785   1.00000000000000     
         785  0.700000000000000     
 
        1099
   1  1
         785   1.00000000000000     
         785  0.500000000000000     
 
        1100
   1  1
         785   1.00000000000000     
         785  0.300000000000000     
 
        1101
   1  1
         785   1.00000000000000     
         785  9.999999999999987E-002
 
         960
   1  1
         935   1.00000000000000     
         935  0.800000000000000     
 
         985
   1  1
         935   1.00000000000000     
         935  0.600000000000000     
 
        1010
   1  1
         935   1.00000000000000     
         935  0.400000000000000     
 
        1035
   1  1
         935   1.00000000000000     
         935  0.200000000000000     
 
        1060
   1  1
         935   1.00000000000000     
         935  0.000000000000000E+000
 
        1210
   1  1
         935   1.00000000000000     
         935  0.900000000000000     
 
        1235
   1  1
         935   1.00000000000000     
         935  0.700000000000000     
 
        1260
   1  1
         935   1.00000000000000     
         935  0.500000000000000     
 
        1285
   1  1
         935   1.00000000000000     
         935  0.300000000000000     
 
        1310
   1  1
         935   1.00000000000000     
         935  9.999999999999987E-002
 
         809
   1  1
         784   1.00000000000000     
         784  0.800000000000000     
 
         834
   1  1
         784   1.00000000000000     
         784  0.600000000000000     
 
         859
   1  1
         784   1.00000000000000     
         784  0.400000000000000     
 
         884
   1  1
         784   1.00000000000000     
         784  0.200000000000000     
 
         909
   1  1
         784   1.00000000000000     
         784  0.000000000000000E+000
 
        1092
   1  1
         784   1.00000000000000     
         784  0.900000000000000     
 
        1093
   1  1
         784   1.00000000000000     
         784  0.700000000000000     
 
        1094
   1  1
         784   1.00000000000000     
         784  0.500000000000000     
 
        1095
   1  1
         784   1.00000000000000     
         784  0.300000000000000     
 
        1096
   1  1
         784   1.00000000000000     
         784  9.999999999999987E-002
 
         959
   1  1
         934   1.00000000000000     
         934  0.800000000000000     
 
         984
   1  1
         934   1.00000000000000     
         934  0.600000000000000     
 
        1009
   1  1
         934   1.00000000000000     
         934  0.400000000000000     
 
        1034
   1  1
         934   1.00000000000000     
         934  0.200000000000000     
 
        1059
   1  1
         934   1.00000000000000     
         934  0.000000000000000E+000
 
        1209
   1  1
         934   1.00000000000000     
         934  0.900000000000000     
 
        1234
   1  1
         934   1.00000000000000     
         934  0.700000000000000     
 
        1259
   1  1
         934   1.00000000000000     
         934  0.500000000000000     
 
        1284
   1  1
         934   1.00000000000000     
         934  0.300000000000000     
 
        1309
   1  1
         934   1.00000000000000     
         934  9.999999999999987E-002
 
         808
   1  1
         783   1.00000000000000     
         783  0.800000000000000     
 
         833
   1  1
         783   1.00000000000000     
         783  0.600000000000000     
 
         858
   1  1
         783   1.00000000000000     
         783  0.400000000000000     
 
         883
   1  1
         783   1.00000000000000     
         783  0.200000000000000     
 
         908
   1  1
         783   1.00000000000000     
         783  0.000000000000000E+000
 
        1087
   1  1
         783   1.00000000000000     
         783  0.900000000000000     
 
        1088
   1  1
         783   1.00000000000000     
         783  0.700000000000000     
 
        1089
   1  1
         783   1.00000000000000     
         783  0.500000000000000     
 
        1090
   1  1
         783   1.00000000000000     
         783  0.300000000000000     
 
        1091
   1  1
         783   1.00000000000000     
         783  9.999999999999987E-002
 
         958
   1  1
         933   1.00000000000000     
         933  0.800000000000000     
 
         983
   1  1
         933   1.00000000000000     
         933  0.600000000000000     
 
        1008
   1  1
         933   1.00000000000000     
         933  0.400000000000000     
 
        1033
   1  1
         933   1.00000000000000     
         933  0.200000000000000     
 
        1058
   1  1
         933   1.00000000000000     
         933  0.000000000000000E+000
 
        1208
   1  1
         933   1.00000000000000     
         933  0.900000000000000     
 
        1233
   1  1
         933   1.00000000000000     
         933  0.700000000000000     
 
        1258
   1  1
         933   1.00000000000000     
         933  0.500000000000000     
 
        1283
   1  1
         933   1.00000000000000     
         933  0.300000000000000     
 
        1308
   1  1
         933   1.00000000000000     
         933  9.999999999999987E-002
 
         807
   1  1
         782   1.00000000000000     
         782  0.800000000000000     
 
         832
   1  1
         782   1.00000000000000     
         782  0.600000000000000     
 
         857
   1  1
         782   1.00000000000000     
         782  0.400000000000000     
 
         882
   1  1
         782   1.00000000000000     
         782  0.200000000000000     
 
         907
   1  1
         782   1.00000000000000     
         782  0.000000000000000E+000
 
        1082
   1  1
         782   1.00000000000000     
         782  0.900000000000000     
 
        1083
   1  1
         782   1.00000000000000     
         782  0.700000000000000     
 
        1084
   1  1
         782   1.00000000000000     
         782  0.500000000000000     
 
        1085
   1  1
         782   1.00000000000000     
         782  0.300000000000000     
 
        1086
   1  1
         782   1.00000000000000     
         782  9.999999999999987E-002
 
         957
   1  1
         932   1.00000000000000     
         932  0.800000000000000     
 
         982
   1  1
         932   1.00000000000000     
         932  0.600000000000000     
 
        1007
   1  1
         932   1.00000000000000     
         932  0.400000000000000     
 
        1032
   1  1
         932   1.00000000000000     
         932  0.200000000000000     
 
        1057
   1  1
         932   1.00000000000000     
         932  0.000000000000000E+000
 
        1207
   1  1
         932   1.00000000000000     
         932  0.900000000000000     
 
        1232
   1  1
         932   1.00000000000000     
         932  0.700000000000000     
 
        1257
   1  1
         932   1.00000000000000     
         932  0.500000000000000     
 
        1282
   1  1
         932   1.00000000000000     
         932  0.300000000000000     
 
        1307
   1  1
         932   1.00000000000000     
         932  9.999999999999987E-002

0
0 0
 
