           1           2         300           1
           1   0.0000000000000000     
           2   0.0000000000000000     
           3   0.0000000000000000     
           4   0.0000000000000000     
           5   0.0000000000000000     
           6   0.0000000000000000     
           7   0.0000000000000000     
           8   0.0000000000000000     
           9   0.0000000000000000     
          10   0.0000000000000000     
          11   0.0000000000000000     
          12   0.0000000000000000     
          13   0.0000000000000000     
          14   0.0000000000000000     
          15   0.0000000000000000     
          16   0.0000000000000000     
          17   0.0000000000000000     
          18   0.0000000000000000     
          19   0.0000000000000000     
          20   0.0000000000000000     
          21   0.0000000000000000     
          22   0.0000000000000000     
          23   0.0000000000000000     
          24   0.0000000000000000     
          25   0.0000000000000000     
          26   0.0000000000000000     
          27   0.0000000000000000     
          28   0.0000000000000000     
          29   0.0000000000000000     
          30   0.0000000000000000     
          31   0.0000000000000000     
          32   0.0000000000000000     
          33   0.0000000000000000     
          34   0.0000000000000000     
          35   0.0000000000000000     
          36   0.0000000000000000     
          37   0.0000000000000000     
          38   0.0000000000000000     
          39   0.0000000000000000     
          40   0.0000000000000000     
          41   0.0000000000000000     
          42   0.0000000000000000     
          43   0.0000000000000000     
          44   0.0000000000000000     
          45   0.0000000000000000     
          46   0.0000000000000000     
          47   0.0000000000000000     
          48   0.0000000000000000     
          49   0.0000000000000000     
          50   0.0000000000000000     
          51   0.0000000000000000     
          52   0.0000000000000000     
          53   0.0000000000000000     
          54   0.0000000000000000     
          55   0.0000000000000000     
          56   0.0000000000000000     
          57   0.0000000000000000     
          58   0.0000000000000000     
          59   0.0000000000000000     
          60   0.0000000000000000     
          61   0.0000000000000000     
          62   0.0000000000000000     
          63   0.0000000000000000     
          64   0.0000000000000000     
          65   0.0000000000000000     
          66   0.0000000000000000     
          67   0.0000000000000000     
          68   0.0000000000000000     
          69   0.0000000000000000     
          70   0.0000000000000000     
          71   0.0000000000000000     
          72   0.0000000000000000     
          73   0.0000000000000000     
          74   0.0000000000000000     
          75   0.0000000000000000     
          76   0.0000000000000000     
          77   0.0000000000000000     
          78   0.0000000000000000     
          79   0.0000000000000000     
          80   0.0000000000000000     
          81   0.0000000000000000     
          82   0.0000000000000000     
          83   0.0000000000000000     
          84   0.0000000000000000     
          85   0.0000000000000000     
          86   0.0000000000000000     
          87   0.0000000000000000     
          88   0.0000000000000000     
          89   0.0000000000000000     
          90   0.0000000000000000     
          91   0.0000000000000000     
          92   0.0000000000000000     
          93   0.0000000000000000     
          94   0.0000000000000000     
          95   0.0000000000000000     
          96   0.0000000000000000     
          97   0.0000000000000000     
          98   0.0000000000000000     
          99   0.0000000000000000     
         100   0.0000000000000000     
         101   0.0000000000000000     
         102   0.0000000000000000     
         103   0.0000000000000000     
         104   0.0000000000000000     
         105   0.0000000000000000     
         106   0.0000000000000000     
         107   0.0000000000000000     
         108   0.0000000000000000     
         109   0.0000000000000000     
         110   0.0000000000000000     
         111   0.0000000000000000     
         112   0.0000000000000000     
         113   0.0000000000000000     
         114   0.0000000000000000     
         115   0.0000000000000000     
         116   0.0000000000000000     
         117   0.0000000000000000     
         118   0.0000000000000000     
         119   0.0000000000000000     
         120   0.0000000000000000     
         121   0.0000000000000000     
         122   0.0000000000000000     
         123   0.0000000000000000     
         124   0.0000000000000000     
         125   0.0000000000000000     
         126   0.0000000000000000     
         127   0.0000000000000000     
         128   0.0000000000000000     
         129   0.0000000000000000     
         130   0.0000000000000000     
         131   0.0000000000000000     
         132   0.0000000000000000     
         133   0.0000000000000000     
         134   0.0000000000000000     
         135   0.0000000000000000     
         136   0.0000000000000000     
         137   0.0000000000000000     
         138   0.0000000000000000     
         139   0.0000000000000000     
         140   0.0000000000000000     
         141   0.0000000000000000     
         142   0.0000000000000000     
         143   0.0000000000000000     
         144   0.0000000000000000     
         145   0.0000000000000000     
         146   0.0000000000000000     
         147   0.0000000000000000     
         148   0.0000000000000000     
         149   0.0000000000000000     
         150   0.0000000000000000     
         151   0.0000000000000000     
         152   0.0000000000000000     
         153   0.0000000000000000     
         154   0.0000000000000000     
         155   0.0000000000000000     
         156   0.0000000000000000     
         157   0.0000000000000000     
         158   0.0000000000000000     
         159   0.0000000000000000     
         160   0.0000000000000000     
         161   0.0000000000000000     
         162   0.0000000000000000     
         163   0.0000000000000000     
         164   0.0000000000000000     
         165   0.0000000000000000     
         166   0.0000000000000000     
         167   0.0000000000000000     
         168   0.0000000000000000     
         169   0.0000000000000000     
         170   0.0000000000000000     
         171   0.0000000000000000     
         172   0.0000000000000000     
         173   0.0000000000000000     
         174   0.0000000000000000     
         175   0.0000000000000000     
         176   0.0000000000000000     
         177   0.0000000000000000     
         178   0.0000000000000000     
         179   0.0000000000000000     
         180   0.0000000000000000     
         181   0.0000000000000000     
         182   0.0000000000000000     
         183   0.0000000000000000     
         184   0.0000000000000000     
         185   0.0000000000000000     
         186   0.0000000000000000     
         187   0.0000000000000000     
         188   0.0000000000000000     
         189   0.0000000000000000     
         190   0.0000000000000000     
         191   0.0000000000000000     
         192   0.0000000000000000     
         193   0.0000000000000000     
         194   0.0000000000000000     
         195   0.0000000000000000     
         196   0.0000000000000000     
         197   0.0000000000000000     
         198   0.0000000000000000     
         199   0.0000000000000000     
         200   0.0000000000000000     
         201   0.0000000000000000     
         202   0.0000000000000000     
         203   0.0000000000000000     
         204   0.0000000000000000     
         205   0.0000000000000000     
         206   0.0000000000000000     
         207   0.0000000000000000     
         208   0.0000000000000000     
         209   0.0000000000000000     
         210   0.0000000000000000     
         211   0.0000000000000000     
         212   0.0000000000000000     
         213   0.0000000000000000     
         214   0.0000000000000000     
         215   0.0000000000000000     
         216   0.0000000000000000     
         217   0.0000000000000000     
         218   0.0000000000000000     
         219   0.0000000000000000     
         220   0.0000000000000000     
         221   0.0000000000000000     
         222   0.0000000000000000     
         223   0.0000000000000000     
         224   0.0000000000000000     
         225   0.0000000000000000     
         226   0.0000000000000000     
         227   0.0000000000000000     
         228   0.0000000000000000     
         229   0.0000000000000000     
         230   0.0000000000000000     
         231   0.0000000000000000     
         232   0.0000000000000000     
         233   0.0000000000000000     
         234   0.0000000000000000     
         235   0.0000000000000000     
         236   0.0000000000000000     
         237   0.0000000000000000     
         238   0.0000000000000000     
         239   0.0000000000000000     
         240   0.0000000000000000     
         241   0.0000000000000000     
         242   0.0000000000000000     
         243   0.0000000000000000     
         244   0.0000000000000000     
         245   0.0000000000000000     
         246   0.0000000000000000     
         247   0.0000000000000000     
         248   0.0000000000000000     
         249   0.0000000000000000     
         250   0.0000000000000000     
         251   0.0000000000000000     
         252   0.0000000000000000     
         253   0.0000000000000000     
         254   0.0000000000000000     
         255   0.0000000000000000     
         256   0.0000000000000000     
         257   0.0000000000000000     
         258   0.0000000000000000     
         259   0.0000000000000000     
         260   0.0000000000000000     
         261   0.0000000000000000     
         262   0.0000000000000000     
         263   0.0000000000000000     
         264   0.0000000000000000     
         265   0.0000000000000000     
         266   0.0000000000000000     
         267   0.0000000000000000     
         268   0.0000000000000000     
         269   0.0000000000000000     
         270   0.0000000000000000     
         271   0.0000000000000000     
         272   0.0000000000000000     
         273   0.0000000000000000     
         274   0.0000000000000000     
         275   0.0000000000000000     
         276   0.0000000000000000     
         277   0.0000000000000000     
         278   0.0000000000000000     
         279   0.0000000000000000     
         280   0.0000000000000000     
         281   0.0000000000000000     
         282   0.0000000000000000     
         283   0.0000000000000000     
         284   0.0000000000000000     
         285   0.0000000000000000     
         286   0.0000000000000000     
         287   0.0000000000000000     
         288   0.0000000000000000     
         289   0.0000000000000000     
         290   0.0000000000000000     
         291   0.0000000000000000     
         292   0.0000000000000000     
         293   0.0000000000000000     
         294   0.0000000000000000     
         295   0.0000000000000000     
         296   0.0000000000000000     
         297   0.0000000000000000     
         298   0.0000000000000000     
         299   0.0000000000000000     
         300   0.0000000000000000     
         301   0.0000000000000000     
         302   0.0000000000000000     
         303   0.0000000000000000     
         304   0.0000000000000000     
         305   0.0000000000000000     
         306   0.0000000000000000     
         307   0.0000000000000000     
         308   0.0000000000000000     
         309   0.0000000000000000     
         310   0.0000000000000000     
         311   0.0000000000000000     
         312   0.0000000000000000     
         313   0.0000000000000000     
         314   0.0000000000000000     
         315   0.0000000000000000     
         316   0.0000000000000000     
         317   0.0000000000000000     
         318   0.0000000000000000     
         319   0.0000000000000000     
         320   0.0000000000000000     
         321   0.0000000000000000     
         322   0.0000000000000000     
         323   0.0000000000000000     
         324   0.0000000000000000     
         325   0.0000000000000000     
         326   0.0000000000000000     
         327   0.0000000000000000     
         328   0.0000000000000000     
         329   0.0000000000000000     
         330   0.0000000000000000     
         331   0.0000000000000000     
         332   0.0000000000000000     
         333   0.0000000000000000     
         334   0.0000000000000000     
         335   0.0000000000000000     
         336   0.0000000000000000     
         337   0.0000000000000000     
         338   0.0000000000000000     
         339   0.0000000000000000     
         340   0.0000000000000000     
         341   0.0000000000000000     
         342   0.0000000000000000     
         343   0.0000000000000000     
         344   0.0000000000000000     
         345   0.0000000000000000     
         346   0.0000000000000000     
         347   0.0000000000000000     
         348   0.0000000000000000     
         349   0.0000000000000000     
         350   0.0000000000000000     
         351   0.0000000000000000     
         352   0.0000000000000000     
         353   0.0000000000000000     
         354   0.0000000000000000     
         355   0.0000000000000000     
         356   0.0000000000000000     
         357   0.0000000000000000     
         358   0.0000000000000000     
         359   0.0000000000000000     
         360   0.0000000000000000     
         361   0.0000000000000000     
         362   0.0000000000000000     
         363   0.0000000000000000     
         364   0.0000000000000000     
         365   0.0000000000000000     
         366   0.0000000000000000     
         367   0.0000000000000000     
         368   0.0000000000000000     
         369   0.0000000000000000     
         370   0.0000000000000000     
         371   0.0000000000000000     
         372   0.0000000000000000     
         373   0.0000000000000000     
         374   0.0000000000000000     
         375   0.0000000000000000     
         376   0.0000000000000000     
         377   0.0000000000000000     
         378   0.0000000000000000     
         379   0.0000000000000000     
         380   0.0000000000000000     
         381   0.0000000000000000     
         382   0.0000000000000000     
         383   0.0000000000000000     
         384   0.0000000000000000     
         385   0.0000000000000000     
         386   0.0000000000000000     
         387   0.0000000000000000     
         388   0.0000000000000000     
         389   0.0000000000000000     
         390   0.0000000000000000     
         391   0.0000000000000000     
         392   0.0000000000000000     
         393   0.0000000000000000     
         394   0.0000000000000000     
         395   0.0000000000000000     
         396   0.0000000000000000     
         397   0.0000000000000000     
         398   0.0000000000000000     
         399   0.0000000000000000     
         400   0.0000000000000000     
         401   0.0000000000000000     
         402   0.0000000000000000     
         403   0.0000000000000000     
         404   0.0000000000000000     
         405   0.0000000000000000     
         406   0.0000000000000000     
         407   0.0000000000000000     
         408   0.0000000000000000     
         409   0.0000000000000000     
         410   0.0000000000000000     
         411   0.0000000000000000     
         412   0.0000000000000000     
         413   0.0000000000000000     
         414   0.0000000000000000     
         415   0.0000000000000000     
         416   0.0000000000000000     
         417   0.0000000000000000     
         418   0.0000000000000000     
         419   0.0000000000000000     
         420   0.0000000000000000     
         421   0.0000000000000000     
         422   0.0000000000000000     
         423   0.0000000000000000     
         424   0.0000000000000000     
         425   0.0000000000000000     
         426   0.0000000000000000     
         427   0.0000000000000000     
         428   0.0000000000000000     
         429   0.0000000000000000     
         430   0.0000000000000000     
         431   0.0000000000000000     
         432   0.0000000000000000     
         433   0.0000000000000000     
         434   0.0000000000000000     
         435   0.0000000000000000     
         436   0.0000000000000000     
         437   0.0000000000000000     
         438   0.0000000000000000     
         439   0.0000000000000000     
         440   0.0000000000000000     
         441   0.0000000000000000     
         442   0.0000000000000000     
         443   0.0000000000000000     
         444   0.0000000000000000     
         445   0.0000000000000000     
         446   0.0000000000000000     
         447   0.0000000000000000     
         448   0.0000000000000000     
         449   0.0000000000000000     
         450   0.0000000000000000     
         451   0.0000000000000000     
         452   0.0000000000000000     
         453   0.0000000000000000     
         454   0.0000000000000000     
         455   0.0000000000000000     
         456   0.0000000000000000     
         457   0.0000000000000000     
         458   0.0000000000000000     
         459   0.0000000000000000     
         460   0.0000000000000000     
         461   0.0000000000000000     
         462   0.0000000000000000     
         463   0.0000000000000000     
         464   0.0000000000000000     
         465   0.0000000000000000     
         466   0.0000000000000000     
           1           3         300           1
           1   0.0000000000000000     
           2  -5.0304917044746426E-002
           3  -5.1543058481067577E-002
           4  -5.1703125978944726E-002
           5  -4.8057584642208578E-002
           6  -4.2009377696207807E-002
           7  -3.3972000061943237E-002
           8  -2.4361967985922391E-002
           9  -1.3549965578706063E-002
          10  -1.8972463397718782E-003
          11   1.0240107860339591E-002
          12   2.2510740113353602E-002
          13   3.4570877940121335E-002
          14   4.6088765355236219E-002
          15   5.6750135521945050E-002
          16   6.6264400699302395E-002
          17   7.4371277835031974E-002
          18   8.0847542883618728E-002
          19   8.5512909511181276E-002
          20   8.8235301582090198E-002
          21   8.8894899397890179E-002
          22  -5.1962104527607036E-002
          23  -4.8688089891326586E-002
          24  -5.4004317591509476E-002
          25  -5.2878090478115855E-002
          26  -4.9070071611688373E-002
          27  -4.2819844429960230E-002
          28  -3.4621375171090416E-002
          29  -2.4854353000410834E-002
          30  -1.3886265672992563E-002
          31  -2.0769018131776996E-003
          32   1.0216664356758613E-002
          33   2.2641164784396123E-002
          34   3.4850373789851785E-002
          35   4.6509750018013808E-002
          36   5.7302024627260369E-002
          37   6.6933498647108722E-002
          38   7.5140813186827568E-002
          39   8.1697818947547934E-002
          40   8.6422132277514288E-002
          41   8.9177455790040563E-002
          42   8.9864969622652183E-002
          43  -5.9506681436323865E-002
          44  -6.0313225066310316E-002
          45  -5.9521906045939717E-002
          46  -5.7416086880659425E-002
          47  -5.2702915690921830E-002
          48  -4.5808659450937088E-002
          49  -3.7020411205327536E-002
          50  -2.6681025642395120E-002
          51  -1.5140447086503571E-002
          52  -2.7563176339161343E-003
          53   1.0110423142616606E-002
          54   2.3099456470322074E-002
          55   3.5855696464318097E-002
          56   4.8034526888551130E-002
          57   5.9307748681285369E-002
          58   6.9370243394694067E-002
          59   7.7947229881166563E-002
          60   8.4801823895763601E-002
          61   8.9742137526774374E-002
          62   9.2626273417280219E-002
          63   9.3344287491075970E-002
          64  -7.0608880600682586E-002
          65  -7.0131337627854923E-002
          66  -6.8352750499466333E-002
          67  -6.4623050025906459E-002
          68  -5.8815186706190750E-002
          69  -5.0911255888468801E-002
          70  -4.1152566865464625E-002
          71  -2.9839499228541507E-002
          72  -1.7312627171026437E-002
          73  -3.9323792735942468E-003
          74   9.9306436701856581E-003
          75   2.3902763935026741E-002
          76   3.7613106165548221E-002
          77   5.0699381919458060E-002
          78   6.2814203109724256E-002
          79   7.3632254050174331E-002
          80   8.2858363410582378E-002
          81   9.0236196166838825E-002
          82   9.5556875618469900E-002
          83   9.8664556851188731E-002
          84   9.9439344943132085E-002
          85  -8.2603755058776943E-002
          86  -8.1961244262858737E-002
          87  -7.9245122641807608E-002
          88  -7.4383813199939752E-002
          89  -6.7311135354192489E-002
          90  -5.8126454620922807E-002
          91  -4.7041881926920666E-002
          92  -3.4358246722545539E-002
          93  -2.0423030074267035E-002
          94  -5.6108768384743159E-003
          95   9.6894417497884189E-003
          96   2.5083369386049405E-002
          97   4.0176788546962938E-002
          98   5.4581748005603690E-002
          99   6.7922843800645991E-002
         100   7.9844890366245536E-002
         101   9.0022092138952889E-002
         102   9.8168479387783822E-002
         103  0.10404868737212082     
         104  0.10748578851116790     
         105  0.10834376238287573     
         106  -9.7006294082915154E-002
         107  -9.6148101711452424E-002
         108  -9.2706320908012854E-002
         109  -8.6719855126034487E-002
         110  -7.8271569041432495E-002
         111  -6.7531791968447108E-002
         112  -5.4763408494310988E-002
         113  -4.0297487192590187E-002
         114  -2.4510601095560310E-002
         115  -7.8055628113170685E-003
         116   9.4008026913144811E-003
         117   2.6685228436229481E-002
         118   4.3622932384062972E-002
         119   5.9792174616557177E-002
         120   7.4780103885911886E-002
         121   8.8190753534495139E-002
         122   9.9655567591530297E-002
         123  0.10884629254400630     
         124  0.11548914406225240     
         125  0.11937616237926253     
         126  0.12034800011672202     
         127 -0.11440606426227620     
         128 -0.11335317839748478     
         129 -0.10915766894639500     
         130 -0.10195148019357897     
         131  -9.1912625106137000E-002
         132  -7.9301295795002322E-002
         133  -6.4451940827296328E-002
         134  -4.7754931903937842E-002
         135  -2.9636014729362836E-002
         136  -1.0540162285913961E-002
         137   9.0785899953066979E-003
         138   2.8761685934870738E-002
         139   4.8047379324635799E-002
         140   6.6472430379405381E-002
         141   8.3576633029755043E-002
         142   9.8910791381304361E-002
         143  0.11204875849903932     
         144  0.12260365749746358     
         145  0.13024711518170973     
         146  0.13472632960634442     
         147  0.13584840731742534     
         148 -0.13548491801140208     
         149 -0.13420980648306854     
         150 -0.12915189890106410     
         151 -0.12051725521809206     
         152 -0.10857893461468290     
         153  -9.3697642605943668E-002
         154  -7.6302480576695045E-002
         155  -5.6865928176345566E-002
         156  -3.5881690396265500E-002
         157  -1.3848964375728648E-002
         158   8.7347054085307636E-003
         159   3.1372579372572998E-002
         160   5.3562434218350760E-002
         161   7.4792961688192910E-002
         162   9.4546478099010262E-002
         163  0.11230641100058024     
         164  0.12757057506873987     
         165  0.13987161235820766     
         166  0.14880372792260482     
         167  0.15404904155899282     
         168  0.15536616329556011     
         169 -0.16100268284436112     
         170 -0.15945878894002938     
         171 -0.15335357826705343     
         172 -0.14297840700014558     
         173 -0.12871921087775826     
         174 -0.11106340295369388     
         175  -9.0562843460298512E-002
         176  -6.7797445149865798E-002
         177  -4.3347093948866107E-002
         178  -1.7774959375693549E-002
         179   8.3773228967847207E-003
         180   3.4579682879299106E-002
         181   6.0291503194353689E-002
         182   8.4947964447832841E-002
         183  0.10796411701312787     
         184  0.12874041971827599     
         185  0.14667577981074412     
         186  0.16119234135662261     
         187  0.17177339523449542     
         188  0.17800506551502010     
         189  0.17957450935283026     
         190 -0.19188082159875264     
         191 -0.18999791476960393     
         192 -0.18257692196781228     
         193 -0.17002492500034330     
         194 -0.15288270273593232     
         195 -0.13180961260703208     
         196 -0.10752111489820311     
         197  -8.0734740864258400E-002
         198  -5.2137929547790937E-002
         199  -2.2363911421823802E-002
         200   8.0078061729105983E-003
         201   3.8438751593966460E-002
         202   6.8360015818195063E-002
         203   9.7146763090367044E-002
         204  0.12413712307715427     
         205  0.14863450537044262     
         206  0.16991121832328399     
         207  0.18723694455763085     
         208  0.19993311768701938     
         209  0.20744072381225753     
         210  0.20933866145368832     
         211 -0.22927348866326044     
         212 -0.22694962231094512     
         213 -0.21782991314282471     
         214 -0.20249522529251421     
         215 -0.18171730834297434     
         216 -0.15640247777574054     
         217 -0.12748460935275333     
         218  -9.5860771038380546E-002
         219  -6.2341548786153909E-002
         220  -2.7653539966442570E-002
         221   7.6168734604507250E-003
         222   4.2980668676717577E-002
         223   7.7884276615574691E-002
         224  0.11159960290366165     
         225  0.14339142910941785     
         226  0.17245861901739287     
         227  0.19791830290458876     
         228  0.21882692192252373     
         229  0.23426355064546503     
         230  0.24344337464494908     
         231  0.24577546856953911     
         232 -0.27466683549042986     
         233 -0.27175105326733773     
         234 -0.26037558499247782     
         235 -0.24140041927876868     
         236 -0.21596141630032539     
         237 -0.18533683649772881     
         238 -0.15076113826130647     
         239 -0.11330453418364152     
         240  -7.4003324579944796E-002
         241  -3.3603310635085377E-002
         242   7.1465187536615153E-003
         243   4.8194461201161096E-002
         244   8.8952892054403598E-002
         245  0.12850835386891721     
         246  0.16603920027642061     
         247  0.20070194142384867     
         248  0.23142630909206477     
         249  0.25695845152803265     
         250  0.27600744814486250     
         251  0.28742576045455209     
         252  0.29034547103720709     
         253 -0.33003031469736627     
         254 -0.32629017198789001     
         255 -0.31181764970891229     
         256 -0.28794806660098904     
         257 -0.25641700562947978     
         258 -0.21907346783637521     
         259 -0.17760292107178435     
         260 -0.13326342442374309     
         261  -8.6751054405021358E-002
         262  -4.0122242311624000E-002
         263   6.7317599399434047E-003
         264   5.3811651642879932E-002
         265  0.10179442088114904     
         266  0.14803225368272027     
         267  0.19229246522371143     
         268  0.23381616422791648     
         269  0.27122380107139926     
         270  0.30282687924400281     
         271  0.32675381016479532     
         272  0.34125892771323602     
         273  0.34500051932229425     
         274 -0.39806833584878076     
         275 -0.39312510708184140     
         276 -0.37422240839859222     
         277 -0.34355330503191822     
         278 -0.30387812677506559     
         279 -0.25793723485586739     
         280 -0.20800149668003085     
         281 -0.15592424424515344     
         282 -0.10187626753456713     
         283  -4.0289940373969602E-002
         284   8.4526139704965975E-003
         285   6.1230838340077337E-002
         286  0.11689949797833747     
         287  0.16995493771440748     
         288  0.22217824880548234     
         289  0.27208404030045658     
         290  0.31809663177677200     
         291  0.35783928366810375     
         292  0.38855950202645068     
         293  0.40748978371251593     
         294  0.41243327017062359     
         295 -0.48266199520650066     
         296 -0.47586393984860292     
         297 -0.45028649803211424     
         298 -0.40980121411630210     
         299 -0.35897697636590825     
         300 -0.30190432518378979     
         301 -0.24162120378465735     
         302 -0.17989229209264676     
         303 -0.11990361210691136     
         304  -9.5483863659766063E-002
         305   3.7444304171770713E-002
         306  0.11896457655801097     
         307  0.13138357182043833     
         308  0.19413093118961827     
         309  0.25505552681728966     
         310  0.31550185653230950     
         311  0.37267784020597927     
         312  0.42358066080681972     
         313  0.46411664439562367     
         314  0.48971949555755756     
         315  0.49651727517619204     
         316 -0.58976773927065806     
         317 -0.57983080664000164     
         318 -0.54355985241619698     
         319 -0.48825122980877927     
         320 -0.42183800497251567     
         321 -0.35038531401185335     
         322 -0.27755214608324952     
         323 -0.20584077381305077     
         324 -0.14047659474350865     
         325  -7.2096065405405030E-002
         326  0.11009385527787792     
         327  0.18622245208977536     
         328  0.15935756670019349     
         329  0.21723804201811028     
         330  0.29036048803703945     
         331  0.36350298617200288     
         332  0.43511784886471305     
         333  0.50161629571574629     
         334  0.55697389625788185     
         335  0.59326778276003278     
         336  0.60320385359869333     
         337 -0.72900131853366401     
         338 -0.71357268629281867     
         339 -0.65851975931817874     
         340 -0.57982835958401169     
         341 -0.49130766995862774     
         342 -0.40154998556651728     
         343 -0.31426154699993836     
         344 -0.22985223606054789     
         345 -0.15936866083083837     
         346 -0.13321293665305897     
         347  -2.9613581918118367E-003
         348  0.14322610654299411     
         349  0.17968268549800934     
         350  0.24266725561680438     
         351  0.32700357662291507     
         352  0.41444506734761360     
         353  0.50429428961688183     
         354  0.59287711005554933     
         355  0.67160666121544166     
         356  0.72667756521489091     
         357  0.74210429956190038     
         358 -0.92023150104291629     
         359 -0.89071470913977668     
         360 -0.80067788827421027     
         361 -0.68275802214415759     
         362 -0.56336254339841307     
         363 -0.45184831218816213     
         364 -0.34894257857011901     
         365 -0.25406524305184874     
         366 -0.16297944792470143     
         367  -9.0851586653757282E-002
         368  -6.3801491885509161E-003
         369   8.5662542731571339E-002
         370  0.17729665365584585     
         371  0.26795857122482869     
         372  0.36184098372204893     
         373  0.46462636698932802     
         374  0.57615025920174501     
         375  0.69557544922945880     
         376  0.81351980819914760     
         377  0.90356869294378683     
         378  0.93308234381703559     
         379  -1.1935654740404278     
         380  -1.1467539695441955     
         381 -0.97021609922133056     
         382 -0.78566538782527096     
         383 -0.62963253525992813     
         384 -0.49530078209378164     
         385 -0.37790040805308583     
         386 -0.27248610912706211     
         387 -0.17599568734011278     
         388  -8.2422257722252618E-002
         389   5.8715355991690987E-003
         390   9.4113882164386889E-002
         391  0.18710665357702597     
         392  0.28511377473708244     
         393  0.39059325995770128     
         394  0.50793275937563731     
         395  0.64226852557634873     
         396  0.79831985734747091     
         397  0.98288699598011020     
         398   1.1594327898974117     
         399   1.2062401832776308     
         400  -1.8266162119136460     
         401  -1.5195613739065053     
         402  -1.1140900276564378     
         403 -0.86711532460226681     
         404 -0.67642310726374077     
         405 -0.52447539226432183     
         406 -0.39653412186792036     
         407 -0.28443598390886710     
         408 -0.18230360126926282     
         409  -8.6463741302453087E-002
         410   6.1188378188470633E-003
         411   9.8543652348907315E-002
         412  0.19437138802018106     
         413  0.29663381376331605     
         414  0.40897177224435594     
         415  0.53698086286469127     
         416  0.68895778333633539     
         417  0.87967065631069896     
         418   1.1266592456414595     
         419   1.5321365095147177     
         420   1.8391872389169988     
         421  -3.2406785001658416     
         422  -1.5666258032800702     
         423  -1.1815708752080190     
         424 -0.89026757113396249     
         425 -0.69015600596150695     
         426 -0.53245095537471299     
         427 -0.40155057675578243     
         428 -0.28749314525507763     
         429 -0.18422340135002949     
         430  -8.7333262227767980E-002
         431   6.1007502703300234E-003
         432   9.9496199795755705E-002
         433  0.19629847023527611     
         434  0.29971270690218460     
         435  0.41390682126338663     
         436  0.54491045116174264     
         437  0.70265597175996986     
         438  0.90278989789717623     
         439   1.1941072402627637     
         440   1.5791647214778399     
         441   3.2532299964796438     
         442  -8.8441287996020468E-002
         443  -4.0442408079814945E-002
         444   2.4655241817185536E-002
         445   7.5971368462567510E-002
         446  0.10875351489657535     
         447  -9.8548837889886526E-002
         448  -3.4942063299212962E-002
         449   5.5508965173787887E-002
         450  0.11458659186575226     
         451  0.14204256071005864     
         452  -9.1208177538250071E-002
         453  -7.6038345748392216E-003
         454   9.5097086249153889E-002
         455  0.15944871328758842     
         456  0.17645775506249378     
         457 -0.12341710105930560     
         458  -6.0082792714626077E-002
         459   3.4998391457201003E-002
         460  0.11528338988418957     
         461  0.16244410724031580     
         462 -0.13118564403332050     
         463  -7.9022558294945242E-002
         464  -1.3171010659116574E-003
         465   8.0069328767138404E-002
         466  0.14095539422487591     
           1           4         300           1
           1   0.0000000000000000     
           2  -6.1895774228918121E-002
           3  -6.6019402334434651E-002
           4  -6.7816236491690954E-002
           5  -6.5585112271690532E-002
           6  -6.0782171215624597E-002
           7  -5.3955204634759557E-002
           8  -4.5557976194609037E-002
           9  -3.5978298894450624E-002
          10  -2.5574660309084001E-002
          11  -1.4688489679491353E-002
          12  -3.6488808502192563E-003
          13   7.2263292010285689E-003
          14   1.7631662704981951E-002
          15   2.7276876185431048E-002
          16   3.5891474641031859E-002
          17   4.3230628217823835E-002
          18   4.9082075503263281E-002
          19   5.3271761328937947E-002
          20   5.5672374370208957E-002
          21   5.6121281884610595E-002
          22  -6.3950987599932854E-002
          23  -6.1409509184076616E-002
          24  -6.9136558546613686E-002
          25  -6.9633026135303755E-002
          26  -6.7094982788950749E-002
          27  -6.2012523999132707E-002
          28  -5.4941055661743121E-002
          29  -4.6303966084057527E-002
          30  -3.6482708536707542E-002
          31  -2.5835122577914815E-002
          32  -1.4704599191590718E-002
          33  -3.4234045277357905E-003
          34   7.6867623774082086E-003
          35   1.8316033920497920E-002
          36   2.8169324070986816E-002
          37   3.6970978634888019E-002
          38   4.4470958789537149E-002
          39   5.0451935208878682E-002
          40   5.4736736272485188E-002
          41   5.7187312071669529E-002
          42   5.7714017478949109E-002
          43  -7.5634614953828755E-002
          44  -7.6708258138206420E-002
          45  -7.6901050391799841E-002
          46  -7.5890356400840603E-002
          47  -7.2167820538117461E-002
          48  -6.6187353972290752E-002
          49  -5.8289116491068819E-002
          50  -4.8840959853821954E-002
          51  -3.8205069557549647E-002
          52  -2.6737746039161008E-002
          53  -1.4788384605633403E-002
          54  -2.6988649136414911E-003
          55   9.1972316444213081E-003
          56   2.0576164736966763E-002
          57   3.1127094431758998E-002
          58   4.0557133011977164E-002
          59   4.8598394717859525E-002
          60   5.5016474453994366E-002
          61   5.9618728745770705E-002
          62   6.2260957362147831E-002
          63   6.2826106391582259E-002
          64  -9.0594486886957912E-002
          65  -9.0386472930150313E-002
          66  -8.9065137270840658E-002
          67  -8.5913529801500133E-002
          68  -8.0670100182329618E-002
          69  -7.3290146971164580E-002
          70  -6.4027894719421302E-002
          71  -5.3204095043281718E-002
          72  -4.1171393319034806E-002
          73  -2.8292432419970974E-002
          74  -1.4930294965446433E-002
          75  -1.4442173061384178E-003
          76   1.1811978774719702E-002
          77   2.4490977267995078E-002
          78   3.6254681816373813E-002
          79   4.6779811134317194E-002
          80   5.5766526772047534E-002
          81   6.2949218606133589E-002
          82   6.8107888326460447E-002
          83   7.1074772930398850E-002
          84   7.1716708675423166E-002
          85 -0.10738270826413859     
          86 -0.10688526975268905     
          87 -0.10433511197324069     
          88  -9.9603411235761247E-002
          89  -9.2597934394723705E-002
          90  -8.3407426974568336E-002
          91  -7.2260803283724709E-002
          92  -5.9483290956484400E-002
          93  -4.5443007837869046E-002
          94  -3.0525128562670627E-002
          95  -1.5117651062562725E-002
          96   3.9428583371899431E-004
          97   1.5628603009578117E-002
          98   3.0204804483144349E-002
          99   4.3745111714876647E-002
         100   5.5880626146267126E-002
         101   6.6262541904437755E-002
         102   7.4576834525851426E-002
         103   8.0559808544636180E-002
         104   8.4008715336119602E-002
         105   8.4763286069025265E-002
         106 -0.12785396772818616     
         107 -0.12708167760876871     
         108 -0.12350782680200953     
         109 -0.11718357037919819     
         110 -0.10820435122407193     
         111  -9.6770662299710708E-002
         112  -8.3187251137502333E-002
         113  -6.7831136621341159E-002
         114  -5.1118504728303399E-002
         115  -3.3478099508273865E-002
         116  -1.5335764396760088E-002
         117   2.8901283293038468E-003
         118   2.0783675253879776E-002
         119   3.7922850281309775E-002
         120   5.3876568714660789E-002
         121   6.8211695434569730E-002
         122   8.0508729556392600E-002
         123   9.0382725093326760E-002
         124   9.7505570303665842E-002
         125  0.10162247940817087     
         126  0.10253403967075057     
         127 -0.15313015279336267     
         128 -0.15208934697178503     
         129 -0.14742196071837135     
         130 -0.13930687569118139     
         131 -0.12798100730115861     
         132 -0.11377832286814786     
         133  -9.7116793748791119E-002
         134  -7.8469878155907585E-002
         135  -5.8335581197545158E-002
         136  -3.7209893533862566E-002
         137  -1.5569134130649065E-002
         138   6.1328257628430576E-003
         139   2.7447964017390154E-002
         140   4.7908144955836646E-002
         141   6.7013472526289697E-002
         142   8.4242206096074482E-002
         143   9.9074938499072188E-002
         144  0.11102542896285200     
         145  0.11967262174213888     
         146  0.12468601854301498     
         147  0.12580963199367859     
         148 -0.18446397805872627     
         149 -0.18310930715715423     
         150 -0.17714322239211291     
         151 -0.16686111743651319     
         152 -0.15264732804119222     
         153 -0.13499446546103941     
         154 -0.11447235938998560     
         155  -9.1690966530215634E-002
         156  -6.7266432067375134E-002
         157  -4.1789966198959236E-002
         158  -1.5800727366814080E-002
         159   1.0221297554086278E-002
         160   3.5816606174599891E-002
         161   6.0474903330581614E-002
         162   8.3607227477262014E-002
         163  0.10456806686931307     
         164  0.12269746596394095     
         165  0.13736622387165109     
         166  0.14802056821422199     
         167  0.15421999591115268     
         168  0.15562653144686692     
         169 -0.22333554339353676     
         170 -0.22158612519906670     
         171 -0.21398874592105119     
         172 -0.20098087587872554     
         173 -0.18313322342826097     
         174 -0.16114506993147473     
         175 -0.13578622123837270     
         176 -0.10784642527304217     
         177  -7.8102419821954164E-002
         178  -4.7281022354534227E-002
         179  -1.6006213331245633E-002
         180   1.5249667664301376E-002
         181   4.6086308458382845E-002
         182   7.5973431054372861E-002
         183  0.10419433225114964     
         184  0.12992361621825788     
         185  0.15230339807890608     
         186  0.17050652561631929     
         187  0.18379059355463814     
         188  0.19155399051296249     
         189  0.19333754831790120     
         190 -0.27158391786979436     
         191 -0.26931665502140378     
         192 -0.25960172340039339     
         193 -0.24307947117306911     
         194 -0.22058781938765920     
         195 -0.19311503798079305     
         196 -0.16169324848786906     
         197 -0.12733587926064674     
         198  -9.1021819931707409E-002
         199  -5.3693736907362996E-002
         200  -1.6130876637414377E-002
         201   2.1270675475345242E-002
         202   5.8402937658654508E-002
         203   9.4759448399646840E-002
         204  0.12939412014422788     
         205  0.16119535212304034     
         206  0.18904052619851222     
         207  0.21183517806156452     
         208  0.22857276773591673     
         209  0.23840861294339380     
         210  0.24069843779888705     
         211 -0.33155520654076820     
         212 -0.32858653919912229     
         213 -0.31604899946042259     
         214 -0.29489913234453069     
         215 -0.26638992245352933     
         216 -0.23193846191671164     
         217 -0.19293032740280983     
         218 -0.15059826820306632     
         219 -0.10614868038010211     
         220  -6.0855697870154310E-002
         221  -1.6015263228354101E-002
         222   2.8207115230833517E-002
         223   7.2722228592160765E-002
         224  0.11716199325794822     
         225  0.15990964458433526     
         226  0.19944789974025429     
         227  0.23430318502861353     
         228  0.26308584708845950     
         229  0.28439622334961245     
         230  0.29701370890592421     
         231  0.29999446335799418     
         232 -0.40631022914595905     
         233 -0.40236057479608495     
         234 -0.38595434296211117     
         235 -0.35857079023617577     
         236 -0.32213815608130059     
         237 -0.27875575613487524     
         238 -0.23031035279287249     
         239 -0.17823968052807360     
         240 -0.12348910503392121     
         241  -6.8126703017655998E-002
         242  -1.4986398223170019E-002
         243   3.5509743877717159E-002
         244   8.8584276141676632E-002
         245  0.14342271645281629     
         246  0.19668465781513156     
         247  0.24588485867910187     
         248  0.28976203471519518     
         249  0.32638910921287650     
         250  0.35385142789883528     
         251  0.37028459788963108     
         252  0.37423324653573531     
         253 -0.49994458836816680     
         254 -0.49457138653007321     
         255 -0.47268567213473167     
         256 -0.43667509867112664     
         257 -0.38960573874258858     
         258 -0.33464773920945884     
         259 -0.27461213079821351     
         260 -0.21109302009883954     
         261 -0.14428928765501497     
         262  -7.2942532554619119E-002
         263  -1.0375746099134522E-002
         264   4.1846075848021490E-002
         265  0.10402394728694897     
         266  0.17542334239276658     
         267  0.24028916251311133     
         268  0.30205996272283581     
         269  0.35725194852152686     
         270  0.40431059432471206     
         271  0.44025882807470440     
         272  0.46209907370524683     
         273  0.46745438443251652     
         274 -0.61811815246098656     
         275 -0.61058388504059413     
         276 -0.58062205493399732     
         277 -0.53228640432574670     
         278 -0.47061169017724297     
         279 -0.40046128349714494     
         280 -0.32571682848749373     
         281 -0.25024290557984386     
         282 -0.17142001643740296     
         283  -8.5352614480322581E-002
         284   5.4384669314739868E-003
         285   4.7914358090869191E-002
         286  0.13572841600912558     
         287  0.20725539368542034     
         288  0.29451184454303309     
         289  0.36889669106699374     
         290  0.43857413296822934     
         291  0.49982988165927078     
         292  0.54791891753921429     
         293  0.57775652043870540     
         294  0.58525610652342486     
         295 -0.76898599472519813     
         296 -0.75798905277127981     
         297 -0.71552481930702461     
         298 -0.64892887083251760     
         299 -0.56675101392597971     
         300 -0.47643531550219775     
         301 -0.38322738538851953     
         302 -0.29002136083957664     
         303 -0.21864374869410017     
         304 -0.32288749688525997     
         305 -0.13072884944462335     
         306  0.42761818624740927     
         307   8.0780825991712657E-002
         308  0.27482248423589439     
         309  0.35638206098371117     
         310  0.44639763005104394     
         311  0.53490446887624621     
         312  0.61627248034374171     
         313  0.68248572469880631     
         314  0.72478153396192302     
         315  0.73573593162572615     
         316 -0.96503049492884396     
         317 -0.94801102404247228     
         318 -0.88502390017444410     
         319 -0.79022845051298751     
         320 -0.67873795957411565     
         321 -0.56185304877361120     
         322 -0.44617930356946145     
         323 -0.33575043175449959     
         324 -0.26145454301135040     
         325 -0.31918999268225423     
         326  -7.6439229433977060E-002
         327 -0.12301024409337599     
         328  0.35595778485702712     
         329  0.33343263791947225     
         330  0.42287257033087255     
         331  0.53149848194602944     
         332  0.64633041721759055     
         333  0.75703290980181792     
         334  0.85150499284070424     
         335  0.91435814932365878     
         336  0.93134480776731476     
         337  -1.2265558383691912     
         338  -1.1985129193365167     
         339  -1.0988983269278270     
         340 -0.95871965421798366     
         341 -0.80479809593194984     
         342 -0.65342720322954895     
         343 -0.51115031253376542     
         344 -0.38000609189549606     
         345 -0.27460809139811593     
         346 -0.29507391961033086     
         347  -6.6368375639086333E-002
         348  0.36184929707478142     
         349   9.6604601316431060E-002
         350  0.33103259775757382     
         351  0.47408204572742374     
         352  0.61905262113741899     
         353  0.77070248479928916     
         354  0.92462514417435659     
         355   1.0647702022554122     
         356   1.1643650572711191     
         357   1.1924009665839208     
         358  -1.5941269311609141     
         359  -1.5385454489605090     
         360  -1.3692779217182673     
         361  -1.1516523702634078     
         362 -0.93755788093284975     
         363 -0.74442603167186461     
         364 -0.57280551617888142     
         365 -0.42022056053376972     
         366 -0.27756124633502421     
         367 -0.14999437616334388     
         368  -3.3355225206829542E-002
         369  0.10760766423311824     
         370  0.24744802117046072     
         371  0.36578099521792790     
         372  0.53236993859855075     
         373  0.70755196657714226     
         374  0.90208681923425593     
         375   1.1167073154181868     
         376   1.3345603141814184     
         377   1.5039247067593680     
         378   1.5595270119344435     
         379  -2.1362358459617177     
         380  -2.0403279058417976     
         381  -1.6972609863750594     
         382  -1.3472752943184019     
         383  -1.0610018038584730     
         384 -0.82367762560662161     
         385 -0.62400651287658349     
         386 -0.45090982282303893     
         387 -0.29562327864241233     
         388 -0.14887601391060667     
         389  -9.5021723287045962E-003
         390  0.12261109657537692     
         391  0.25924322129590949     
         392  0.41261765067787814     
         393  0.58453977159583537     
         394  0.78638571906872623     
         395   1.0248466859775500     
         396   1.3117642421190601     
         397   1.6620962153070296     
         398   2.0053319105458889     
         399   2.1012797760621744     
         400  -3.3903112149700823     
         401  -2.7767495906733295     
         402  -1.9789015427220815     
         403  -1.5029308221489068     
         404  -1.1489239815913408     
         405 -0.87708097745267000     
         406 -0.65705448984357251     
         407 -0.47107633000518828     
         408 -0.30672688065505171     
         409 -0.15551816610476457     
         410  -1.2593010906443233E-002
         411  0.12796635569693943     
         412  0.27409741938557081     
         413  0.43495818671102693     
         414  0.61996429295532085     
         415  0.84010148488115011     
         416   1.1126007216458595     
         417   1.4671455843901122     
         418   1.9434806273465561     
         419   2.7415242857685209     
         420   3.3551336357470829     
         421  -6.2178647564826708     
         422  -2.8821144179258718     
         423  -2.1075574052152328     
         424  -1.5485084364418715     
         425  -1.1744423465270644     
         426 -0.89143490698710259     
         427 -0.66564427078548816     
         428 -0.47614040075941816     
         429 -0.30974019564217325     
         430 -0.15730297296623319     
         431  -1.3140940628645219E-002
         432  0.12895034124857960     
         433  0.27759299536560228     
         434  0.44081857283513487     
         435  0.62893668444601414     
         436  0.85466963657133665     
         437   1.1380953762912942     
         438   1.5126604842261377     
         439   2.0720674987678329     
         440   2.8468317069283424     
         441   6.1825930532783611     
         442 -0.23378655205034629     
         443 -0.19336550632833913     
         444  -5.6333576825772294E-002
         445  0.16566319560320969     
         446  0.23712509080218402     
         447 -0.29365619221624728     
         448 -0.24824398290524069     
         449  -8.9845396856462478E-002
         450  0.10982403126898066     
         451  0.20932234512573336     
         452 -0.29752819135964004     
         453 -0.23286626600475518     
         454 -0.11734850445817083     
         455  -6.1212686185357079E-003
         456  0.11540614240743516     
         457 -0.29259963930718835     
         458 -0.22170860964027225     
         459  -6.2262935091033506E-002
         460   9.7488963919302452E-002
         461  0.18384076154433848     
         462 -0.25611270582444795     
         463 -0.18206354154997428     
         464  -3.7779443573975321E-002
         465  0.16109086392789113     
         466  0.23307307227011209     
           1           5         300           1
           1   0.0000000000000000     
           2 -0.18776970102106574     
           3 -0.19700793066932243     
           4 -0.20027843912787416     
           5 -0.19034533442056772     
           6 -0.17191010353151073     
           7 -0.14658946313303403     
           8 -0.11584180824463364     
           9  -8.0953878553740879E-002
          10  -4.3157137454973363E-002
          11  -3.6540031233757110E-003
          12   3.6377089899021227E-002
          13   7.5788612431214375E-002
          14  0.11347702339630261     
          15  0.14839962456838640     
          16  0.17959397683938466     
          17  0.20619891871502946     
          18  0.22747614575035865     
          19  0.24282878892176149     
          20  0.25181760189526653     
          21  0.25404855914667518     
          22 -0.19344521622580843     
          23 -0.18372264786734699     
          24 -0.20563040265931756     
          25 -0.20463604317102743     
          26 -0.19394595921690833     
          27 -0.17477929746597903     
          28 -0.14887035792403364     
          29 -0.11756473797130702     
          30  -8.2127929036894615E-002
          31  -4.3784514508589369E-002
          32  -3.7388285937060830E-003
          33   3.6824840990479106E-002
          34   7.6751012488065096E-002
          35  0.11492695315349247     
          36  0.15029999836282387     
          37  0.18189734141987424     
          38  0.20884753241853637     
          39  0.23040245427780287     
          40  0.24595817968777872     
          41  0.25506075363940778     
          42  0.25739028080097681     
          43 -0.22374143431654697     
          44 -0.22669486965954533     
          45 -0.22574708815900771     
          46 -0.22064274862048117     
          47 -0.20662311265451305     
          48 -0.18510552199066815     
          49 -0.15711282566973192     
          50 -0.12381910387139797     
          51  -8.6416635822503488E-002
          52  -4.6113834810082063E-002
          53  -4.1236524671234322E-003
          54   3.8348458992239383E-002
          55   8.0118960647564755E-002
          56  0.12004273839470231     
          57  0.15703178893670341     
          58  0.19007620613790580     
          59  0.21826724459212174     
          60  0.24082157270229629     
          61  0.25710393093702455     
          62  0.26664213497780287     
          63  0.26907914428283936     
          64 -0.26341012538078595     
          65 -0.26210372251805303     
          66 -0.25701998491443218     
          67 -0.24580724472583143     
          68 -0.22772599598470206     
          69 -0.20260488687121814     
          70 -0.17121948942125487     
          71 -0.13457277423104555     
          72  -9.3805223015092351E-002
          73  -5.0124520450199612E-002
          74  -4.7704266929630918E-003
          75   4.1010045094796756E-002
          76   8.5982919457032764E-002
          77  0.12894634475994882     
          78  0.16875056600591778     
          79  0.20432037299311906     
          80  0.23468069055458379     
          81  0.25898456305224715     
          82  0.27654093008114977     
          83  0.28683146638023055     
          84  0.28946681219509923     
          85 -0.30539663031297987     
          86 -0.30332124039103442     
          87 -0.29480080076386506     
          88 -0.27940603128320696     
          89 -0.25678831839097488     
          90 -0.22717103615458478     
          91 -0.19120867759398358     
          92 -0.14987993237036393     
          93 -0.10433410858689893     
          94  -5.5817892903828666E-002
          95  -5.6276681388728973E-003
          96   4.4922055918229217E-002
          97   9.4522061378793196E-002
          98  0.14188816246167021     
          99  0.18578093021551509     
         100  0.22502898413143668     
         101  0.25855782004352490     
         102  0.28542361792372833     
         103  0.30484833859936400     
         104  0.31624407833673157     
         105  0.31916925885224956     
         106 -0.35473701192570545     
         107 -0.35187950579354998     
         108 -0.34074031240699665     
         109 -0.32136707877520737     
         110 -0.29394667933244872     
         111 -0.25897274548768939     
         112 -0.21726628741612208     
         113 -0.16989693140941564     
         114 -0.11810193085332435     
         115  -6.3217767686529064E-002
         116  -6.6341716073747125E-003
         117   5.0237764077201250E-002
         118  0.10598810795554522     
         119  0.15922500294057051     
         120  0.20859048679458211     
         121  0.25278262184009659     
         122  0.29058815846201419     
         123  0.32092493897464264     
         124  0.34288877457080930     
         125  0.35578955803164414     
         126  0.35911031302702340     
         127 -0.41357729166925589     
         128 -0.41001279680507091     
         129 -0.39625457587198548     
         130 -0.37268185530442355     
         131 -0.33983165350067873     
         132 -0.29851078235440548     
         133 -0.24978156123826992     
         134 -0.19490551000327314     
         135 -0.13527849929615071     
         136  -7.2378029672721764E-002
         137  -7.7248019015433893E-003
         138   5.7144731998059861E-002
         139  0.12069715687214065     
         140  0.18141165766302969     
         141  0.23778400899438684     
         142  0.28834308194261676     
         143  0.33168826455637934     
         144  0.36654496260826519     
         145  0.39182970070747153     
         146  0.40670514231473881     
         147  0.41054621200725272     
         148 -0.48417580002096755     
         149 -0.47982764707463960     
         150 -0.46313764883408487     
         151 -0.43474381878293328     
         152 -0.39551161240243321     
         153 -0.34658851931946361     
         154 -0.28934852792368060     
         155 -0.22531712887559502     
         156 -0.15610852062941522     
         157  -8.3385090242227650E-002
         158  -8.8330636361933033E-003
         159   6.5859311183130792E-002
         160  0.13901951475583932     
         161  0.20898928485906421     
         162  0.27409618383936230     
         163  0.33265580358021707     
         164  0.38301738961812415     
         165  0.42364027761934453     
         166  0.45318690270887585     
         167  0.47060748547752396     
         168  0.47512151686826443     
         169 -0.56899453430116531     
         170 -0.56371217212775782     
         171 -0.54351583443674212     
         172 -0.50932720705139300     
         173 -0.46239000538685332     
         174 -0.40427053640353644     
         175 -0.33673993593721296     
         176 -0.26165867125463577     
         177 -0.18090399792404779     
         178  -9.6352767250433055E-002
         179  -9.8864484210129961E-003
         180   7.6623391316760533E-002
         181  0.16136257910760257     
         182  0.24256185925016568     
         183  0.31837418318029859     
         184  0.38684753603466676     
         185  0.44599545489524067     
         186  0.49390834041008741     
         187  0.52888622339308122     
         188  0.54956930101956514     
         189  0.55494989392160565     
         190 -0.67095877424094053     
         191 -0.66451127196288340     
         192 -0.63995698957193980     
         193 -0.59859382080797396     
         194 -0.54217454228679085     
         195 -0.47283099871311340     
         196 -0.39286138186426772     
         197 -0.30454127562885214     
         198 -0.21003262171851189     
         199 -0.11140965954073331     
         200  -1.0788839639767381E-002
         201   8.9711945144567540E-002
         202  0.18813499636798953     
         203  0.28274681955612624     
         204  0.37154034826669641     
         205  0.45221323023108795     
         206  0.52232066666883903     
         207  0.57943928926037103     
         208  0.62134966905343503     
         209  0.64623032867029961     
         210  0.65273250451769849     
         211 -0.79368575537787101     
         212 -0.78573665082964683     
         213 -0.75560436022268462     
         214 -0.70514326345779033     
         215 -0.63685522180126197     
         216 -0.55368348532144718     
         217 -0.45866795376567798     
         218 -0.35461699811939384     
         219 -0.24390728089179550     
         220 -0.12872251940835955     
         221  -1.1340642753996051E-002
         222  0.10544601904780117     
         223  0.21966554033753366     
         224  0.33006101782106212     
         225  0.43452265267556861     
         226  0.53019203023921935     
         227  0.61397957504467326     
         228  0.68277843733740684     
         229  0.73361522461510797     
         230  0.76396105726621966     
         231  0.77193487467674682     
         232 -0.94178910113128511     
         233 -0.93184224928416937     
         234 -0.89436038504082682     
         235 -0.83208105566966539     
         236 -0.74866842444957438     
         237 -0.64827021704496413     
         238 -0.53497510220686229     
         239 -0.41244654782068152     
         240 -0.28321915871471115     
         241 -0.14840859478654647     
         242  -1.1390572254266471E-002
         243  0.12446560212994218     
         244  0.25572211487939983     
         245  0.38466902800448149     
         246  0.50822676368088604     
         247  0.62231693709680658     
         248  0.72323155710876630     
         249  0.80699106114544039     
         250  0.86950543428612148     
         251  0.90711150764303872     
         252  0.91706025590874451     
         253  -1.1213383541910895     
         254  -1.1086351637459884     
         255  -1.0611427800487629     
         256 -0.98308789121565632     
         257 -0.88001953051933590     
         258 -0.75788052271241091     
         259 -0.62221338710782770     
         260 -0.47778943582065009     
         261 -0.32885727265040970     
         262 -0.17456386655158615     
         263  -7.3381148055633822E-003
         264  0.14444174298824392     
         265  0.29381662796558561     
         266  0.44672255817605183     
         267  0.59358579687522484     
         268  0.73009479457422466     
         269  0.85249442543730358     
         270  0.95571605629093426     
         271   1.0338670596109663     
         272   1.0814046426239210     
         273   1.0940906266246515     
         274  -1.3406176983778244     
         275  -1.3239351163589177     
         276  -1.2622443993888837     
         277  -1.1624478016378745     
         278  -1.0332814169589055     
         279 -0.88342984553932080     
         280 -0.72010448292831530     
         281 -0.54926410770332013     
         282 -0.37617330420859335     
         283 -0.22203289211791771     
         284  -8.8876356506195769E-002
         285  0.15282243451126118     
         286  0.33170737708305686     
         287  0.51839471503436085     
         288  0.69153222044152485     
         289  0.85442546156355126     
         290   1.0040913494213388     
         291   1.1331607791810436     
         292   1.2329190094712232     
         293   1.2945863368577275     
         294   1.3112360768040994     
         295  -1.6114684543982376     
         296  -1.5887067387041249     
         297  -1.5058229134542154     
         298  -1.3749098724001414     
         299  -1.2103188132257368     
         300  -1.0249105672602283     
         301 -0.82817941235491954     
         302 -0.62514597532110516     
         303 -0.43022889173273376     
         304 -0.39577607532110026     
         305 -0.54096990275977686     
         306 -0.32263827275754586     
         307  0.39794018719466184     
         308  0.60419739174712705     
         309  0.80003787609342614     
         310  0.99494930534152159     
         311   1.1796519245861883     
         312   1.3439618714036674     
         313   1.4747432763737232     
         314   1.5575582937866859     
         315   1.5802770911581629     
         316  -1.9519544887828939     
         317  -1.9190827897723866     
         318  -1.8025249194145567     
         319  -1.6250440330230200     
         320  -1.4113378435165442     
         321  -1.1804147100894709     
         322 -0.94385111211731265     
         323 -0.70894759453666700     
         324 -0.48831351732192230     
         325 -0.33055771527644984     
         326  -5.9824411008341898E-002
         327 -0.10329453423664886     
         328  0.43533934923325268     
         329  0.68167483163599041     
         330  0.91301781375558455     
         331   1.1486155540476408     
         332   1.3791282606764059     
         333   1.5925917284586861     
         334   1.7699333082218840     
         335   1.8864100795626628     
         336   1.9192352070547010     
         337  -2.3914748794612537     
         338  -2.3407387842946830     
         339  -2.1657447829449539     
         340  -1.9153209649150795     
         341  -1.6324398343382513     
         342  -1.3440577570667063     
         343  -1.0618890113731290     
         344 -0.78841285404976569     
         345 -0.54711144648447352     
         346 -0.46462369872797632     
         347 -0.27071818773431822     
         348  0.19192480282252355     
         349  0.50535272196147885     
         350  0.75433041525411570     
         351   1.0289852181239620     
         352   1.3108120680372275     
         353   1.5988849465585160     
         354   1.8815767316877998     
         355   2.1318812330855104     
         356   2.3068012857808573     
         357   2.3574919099694465     
         358  -2.9892620989247942     
         359  -2.8954158852195993     
         360  -2.6117269739724880     
         361  -2.2396294067077962     
         362  -1.8607778064149707     
         363  -1.5044092345753135     
         364  -1.1735225597780081     
         365 -0.86638888024580640     
         366 -0.57653550733985137     
         367 -0.30901932816135275     
         368  -4.2222674979301343E-002
         369  0.23944486274004786     
         370  0.53708202155357876     
         371  0.83090014130267609     
         372   1.1387536990679850     
         373   1.4696950097108865     
         374   1.8260245977314666     
         375   2.2048020487343032     
         376   2.5768348801739696     
         377   2.8604721891285760     
         378   2.9542772732375076     
         379  -3.8449250778188238     
         380  -3.6889419180373841     
         381  -3.1391738240497808     
         382  -2.5624440357200142     
         383  -2.0699486186416771     
         384  -1.6426704578301468     
         385  -1.2661611769183461     
         386 -0.92625694158101590     
         387 -0.61129153486171139     
         388 -0.30969330033314540     
         389  -1.5288905185343401E-002
         390  0.27531567532124551     
         391  0.57200977585561286     
         392  0.88942455167050283     
         393   1.2301471407956592     
         394   1.6069445273299625     
         395   2.0342996614095377     
         396   2.5268111359488898     
         397   3.1035246609441050     
         398   3.6532640860593575     
         399   3.8092109346582204     
         400  -5.7640901162878837     
         401  -4.8267614968851600     
         402  -3.5870039488308927     
         403  -2.8163611744114565     
         404  -2.2179334806493731     
         405  -1.7355863111715353     
         406  -1.3259721700772709     
         407 -0.96414186886395370     
         408 -0.63282400175090936     
         409 -0.31960428968419291     
         410  -1.6088959385562041E-002
         411  0.28598760010413771     
         412  0.59692213364588453     
         413  0.92735128312742821     
         414   1.2894675131469151     
         415   1.6992859411694807     
         416   2.1817584301566253     
         417   2.7802395034212757     
         418   3.5508948892023859     
         419   4.7906367419773037     
         420   5.7279327929377155     
         421  -10.029913655543965     
         422  -4.9960814548914687     
         423  -3.7913324919520517     
         424  -2.8924385982564451     
         425  -2.2623043443583217     
         426  -1.7618923190892555     
         427  -1.3425446964261447     
         428 -0.97446777955698849     
         429 -0.63888225082006256     
         430 -0.32257497628523313     
         431  -1.6329086201032145E-002
         432  0.28895400730094595     
         433  0.60309905087646920     
         434  0.93791451376330170     
         435   1.3058719438060664     
         436   1.7254171798579914     
         437   2.2259581113189060     
         438   2.8561601148716673     
         439   3.7550714690041063     
         440   4.9598198722198736     
         441   9.9935622256038759     
         442 -0.36390953157133232     
         443 -0.36584023366768886     
         444 -0.36114398836094597     
         445 -0.25571236270188297     
         446  -3.8209743897864587E-003
         447 -0.39612481497384250     
         448 -0.37499616278409759     
         449 -0.34940353037585675     
         450 -0.29123229852033766     
         451  -4.5446187362985266E-002
         452 -0.37663601529847690     
         453 -0.23496661659842161     
         454 -0.10425188298553870     
         455   1.2894688583319828E-002
         456   8.0869045866087425E-002
         457 -0.44932886731268146     
         458 -0.34070614414992162     
         459 -0.18306147779844656     
         460  -1.4123339616508050E-002
         461  0.20440446314839072     
         462 -0.45639092539670745     
         463 -0.34158797659588974     
         464 -0.17346281965079730     
         465   6.1308381164667435E-002
         466  0.29676241614727389     
           1           6         300           1
           1   0.0000000000000000     
           2 -0.28755199084228483     
           3 -0.29259597619479610     
           4 -0.29203570639053000     
           5 -0.26912583225262487     
           6 -0.23198631121981639     
           7 -0.18297485626753135     
           8 -0.12452132997753654     
           9  -5.8818158516868925E-002
          10   1.1975942801927231E-002
          11   8.5716937797445075E-002
          12  0.16027871240548294     
          13  0.23357524072767052     
          14  0.30359155846682051     
          15  0.36842001290956694     
          16  0.42629956523779450     
          17  0.47565636500824643     
          18  0.51514375218333652     
          19  0.54367801175145825     
          20  0.56046202993075711     
          21  0.56488389053676547     
          22 -0.29665820135041365     
          23 -0.27665686876009132     
          24 -0.30605126499568130     
          25 -0.29798819519625791     
          26 -0.27424062357088402     
          27 -0.23603240528004388     
          28 -0.18620669001678655     
          29 -0.12697672072283869     
          30  -6.0513194915308606E-002
          31   1.1036921542264242E-002
          32   8.5527299033462401E-002
          33  0.16082413483250990     
          34  0.23483058897593187     
          35  0.30551904718962930     
          36  0.37096809505942002     
          37  0.42940242150064301     
          38  0.47923407216630742     
          39  0.51910311749519111     
          40  0.54791503674362607     
          41  0.56486099051964311     
          42  0.56934032454443528     
          43 -0.33640308275573888     
          44 -0.34074729946651122     
          45 -0.33522428712537450     
          46 -0.32184999451180946     
          47 -0.29312088994298302     
          48 -0.25149167215123841     
          49 -0.19860022239960456     
          50 -0.13644210830420850     
          51  -6.7077929057198518E-002
          52   7.3670172269031673E-003
          53   8.4732953105075809E-002
          54  0.16285389683582699     
          55  0.23959038101574048     
          56  0.31286562095031900     
          57  0.38070488754124354     
          58  0.44127753243013362     
          59  0.49294068830171406     
          60  0.53428300344506985     
          61  0.56416504680036705     
          62  0.58174466600319785     
          63  0.58639074452623052     
          64 -0.39584802216340514     
          65 -0.39266938026577763     
          66 -0.38178791246262078     
          67 -0.35939692147073909     
          68 -0.32479146211607940     
          69 -0.27784605435910781     
          70 -0.21994108541194066     
          71 -0.15281263932664252     
          72  -7.8451197041693871E-002
          73   1.0175768482698720E-003
          74   8.3392666114986219E-002
          75  0.16644454335211575     
          76  0.24795612726946831     
          77  0.32576318295916562     
          78  0.39779656269319380     
          79  0.46212727239374457     
          80  0.51701421753464938     
          81  0.56095321231700468     
          82  0.59272380694779025     
          83  0.61141985180090530     
          84  0.61636332210037770     
          85 -0.45823563955591889     
          86 -0.45416404897341089     
          87 -0.43813232119486001     
          88 -0.40969013507964808     
          89 -0.36841705633394467     
          90 -0.31484940056185468     
          91 -0.25017445932281129     
          92 -0.17610672983936904     
          93  -9.4651214466618686E-002
          94  -7.9925664796394250E-003
          95   8.1583438913883685E-002
          96  0.17174482305121805     
          97  0.26015824534767878     
          98  0.34453122790852814     
          99  0.42265629552376421     
         100  0.49245920701491297     
         101  0.55205205081674902     
         102  0.59979014724169755     
         103  0.63432872695299169     
         104  0.65466338077662378     
         105  0.66004274114060213     
         106 -0.53178105738839621     
         107 -0.52652215871090768     
         108 -0.50667226379614017     
         109 -0.47238280768832086     
         110 -0.42406022878472871     
         111 -0.36260595014643632     
         112 -0.28945879216408194     
         113 -0.20646670259606978     
         114 -0.11576546893026599     
         115  -1.9670921953072101E-002
         116   7.9394563150301717E-002
         117  0.17895448332333871     
         118  0.27651922433628884     
         119  0.36962571643390246     
         120  0.45588130239510682     
         121  0.53301437457358725     
         122  0.59893374183849390     
         123  0.65179639720870464     
         124  0.69007908285563080     
         125  0.71263436170544936     
         126  0.71860487902188830     
         127 -0.61910059265214545     
         128 -0.61280741054197674     
         129 -0.58912306785292690     
         130 -0.54869375027021239     
         131 -0.49242219074937760     
         132 -0.42166632201925663     
         133 -0.33821302117173069     
         134 -0.24419168168073010     
         135 -0.14196950333459243     
         136  -3.4064735953121587E-002
         137   7.6914881041037414E-002
         138  0.18831046577328073     
         139  0.29743920969342941     
         140  0.40162561567941296     
         141  0.49824285653535005     
         142  0.58476372447216096     
         143  0.65882645445735866     
         144  0.71831665466339611     
         145  0.76146083234733231     
         146  0.78690745856237465     
         147  0.79364837930340659     
         148 -0.72315120320702464     
         149 -0.71570980606532109     
         150 -0.68776928562835637     
         151 -0.64034039884150573     
         152 -0.57479360110971778     
         153 -0.49297304456730640     
         154 -0.39711654261052315     
         155 -0.28974009425551511     
         156 -0.17353101916107874     
         157  -5.1268161226298924E-002
         158   7.4220465940139077E-002
         159  0.20007109179239260     
         160  0.32337906935476735     
         161  0.44121792199468568     
         162  0.55067703974830207     
         163  0.64890961022323013     
         164  0.73320185894748613     
         165  0.80107254165021335     
         166  0.85039847582278005     
         167  0.87953608970976627     
         168  0.88726184377376638     
         169 -0.84706334576288067     
         170 -0.83827058635520868     
         171 -0.80529274907271731     
         172 -0.74953503115182141     
         173 -0.67289320077245307     
         174 -0.57780060573142744     
         175 -0.46706506378373464     
         176 -0.34370038224388660     
         177 -0.21079120925310413     
         178  -7.1419673742825082E-002
         179   7.1362935399402694E-002
         180  0.21449368231785296     
         181  0.35483615556598813     
         182  0.48917282785688265     
         183  0.61426602693371457     
         184  0.72688064500136329     
         185  0.82385392093766818     
         186  0.90220912358391603     
         187  0.95932944150990762     
         188  0.99314653316012103     
         189   1.0021234212786587     
         190 -0.99453694979890461     
         191 -0.98408431473392532     
         192 -0.94492429356633145     
         193 -0.87897444853634543     
         194 -0.78882317784102995     
         195 -0.67768048361999145     
         196 -0.54910060705483699     
         197 -0.40672436733641748     
         198 -0.25412392796614747     
         199  -9.4679978548705523E-002
         200   6.8345026927090408E-002
         201  0.23180766263862473     
         202  0.39230355325125021     
         203  0.54630757973465949     
         204  0.69019941529003237     
         205  0.82030978943199739     
         206  0.93291053458717021     
         207   1.0243527716698675     
         208   1.0913089896676780     
         209   1.1310762790581648     
         210   1.1416487847834733     
         211  -1.1701288598472273     
         212  -1.1575739697769423     
         213  -1.1106091361658688     
         214  -1.0318994470887188     
         215 -0.92503623267091450     
         216 -0.79431923905864821     
         217 -0.64429698555985648     
         218 -0.47943722356803131     
         219 -0.30380897448541361     
         220 -0.12124688678192547     
         221   6.5156079318434437E-002
         222  0.25210517562482559     
         223  0.43626559975999679     
         224  0.61340976243679346     
         225  0.77970914555488513     
         226  0.93097520956776170     
         227   1.0628232654866865     
         228   1.1706807332584759     
         229   1.2501593998865188     
         230   1.2975815132128528     
         231   1.3102153914897632     
         232  -1.3796428624439001     
         233  -1.3643416756075646     
         234  -1.3072380144089073     
         235  -1.2121738039344399     
         236  -1.0842859912623086     
         237 -0.92946699011430023     
         238 -0.75362595846176683     
         239 -0.56216580484630185     
         240 -0.36015294383953622     
         241 -0.15068202132297426     
         242   6.1128879561333796E-002
         243  0.27586129379516444     
         244  0.48679354705566574     
         245  0.69129825663834332     
         246  0.88393501033668864     
         247   1.0606355889154220     
         248   1.2163181525540188     
         249   1.3449990042261668     
         250   1.4406862243611671     
         251   1.4981567318618789     
         252   1.5135127988461732     
         253  -1.6307166492386211     
         254  -1.6116944354042753     
         255  -1.5409688269848616     
         256  -1.4243580102752407     
         257  -1.2695057218544086     
         258  -1.0846930375940411     
         259 -0.87766627833027933     
         260 -0.65509030098009025     
         261 -0.42175260838031953     
         262 -0.18599979796368288     
         263   6.2521603861592126E-002
         264  0.29797158495647552     
         265  0.54572804560969090     
         266  0.78085439257738887     
         267   1.0033244809525412     
         268   1.2107741122830318     
         269   1.3962585094253555     
         270   1.5518236056230397     
         271   1.6689934742291213     
         272   1.7400438869172525     
         273   1.7591098570847554     
         274  -1.9337991775632344     
         275  -1.9094926663825056     
         276  -1.8196834683472967     
         277  -1.6737217247789433     
         278  -1.4834973736726171     
         279  -1.2609973944512822     
         280  -1.0162733156175179     
         281 -0.75714650419235319     
         282 -0.49015305647146751     
         283 -0.21573745845075992     
         284  -1.4624660624473155E-002
         285  0.35746674768835451     
         286  0.61795875686316626     
         287  0.87956229246053808     
         288   1.1372829067453447     
         289   1.3820688664376906     
         290   1.6054108945879109     
         291   1.7964079102083126     
         292   1.9429429935657441     
         293   2.0330720722009348     
         294   2.0574205504261740     
         295  -2.3038744097281647     
         296  -2.2716282532662473     
         297  -2.1536145561049764     
         298  -1.9660430337395098     
         299  -1.7282531419330689     
         300  -1.4578806318152358     
         301  -1.1683669183230199     
         302 -0.86687887101897609     
         303 -0.56617234610139244     
         304 -0.41750262898940926     
         305   7.4624477053631746E-002
         306  0.39933509152616270     
         307  0.70430065545793563     
         308  0.98531467540600093     
         309   1.2830385281466454     
         310   1.5741378976915295     
         311   1.8458253008980638     
         312   2.0845815881484766     
         313   2.2727820582553027     
         314   2.3911276044614551     
         315   2.4234173614932017     
         316  -2.7639938533560096     
         317  -2.7186251009391107     
         318  -2.5561779536199323     
         319  -2.3067603696609860     
         320  -2.0034680267895553     
         321  -1.6720893578356000     
         322  -1.3288741832204711     
         323 -0.98503263660256613     
         324 -0.64273451884727351     
         325 -0.29425363421180667     
         326  0.80244096135154308     
         327  0.72687200759958803     
         328  0.76582605704533668     
         329   1.0887593603782695     
         330   1.4377759188846884     
         331   1.7842724031268140     
         332   2.1175183963526694     
         333   2.4218961506796459     
         334   2.6719638869027538     
         335   2.8347399991910187     
         336   2.8801503659701133     
         337  -3.3514293939762783     
         338  -3.2835921846119138     
         339  -3.0441527643403190     
         340  -2.6985222879917310     
         341  -2.3035423073710373     
         342  -1.8953414911464235     
         343  -1.4903425225902327     
         344  -1.0918131838296543     
         345 -0.72329672710955673     
         346 -0.45865421542872864     
         347  -6.6519899301820312E-002
         348  0.56555221241837639     
         349  0.86608520692214974     
         350   1.1994735621289754     
         351   1.5991635427831918     
         352   2.0057868761887305     
         353   2.4152353726187150     
         354   2.8110918291183440     
         355   3.1572834650044488     
         356   3.3970136458401576     
         357   3.4648828706757042     
         358  -4.1441462803434232     
         359  -4.0191112382829370     
         360  -3.6381258373444112     
         361  -3.1329593335721602     
         362  -2.6112729840374800     
         363  -2.1125772686544537     
         364  -1.6415452990687389     
         365  -1.1958787427393351     
         366 -0.76891500890900066     
         367 -0.37620310801120249     
         368   2.8236509121676738E-002
         369  0.44398845081603189     
         370  0.88058125074328986     
         371   1.3095839483738365     
         372   1.7510122460318256     
         373   2.2220510591597504     
         374   2.7213799885253978     
         375   3.2436721219994906     
         376   3.7492782828966913     
         377   4.1305005809337549     
         378   4.2555550353682872     
         379  -5.2570397935666353     
         380  -5.0656069731545541     
         381  -4.3373625024328657     
         382  -3.5629607082650363     
         383  -2.8919872840600878     
         384  -2.2990904452351932     
         385  -1.7672174878344726     
         386  -1.2788234919011419     
         387 -0.82035754978822428     
         388 -0.37874757402838466     
         389   4.9939077587779046E-002
         390  0.48095322239096627     
         391  0.92371443809709197     
         392   1.3865712272135653     
         393   1.8756952217027967     
         394   2.4076547398461186     
         395   3.0009754232520343     
         396   3.6724001080440436     
         397   4.4471480121780615     
         398   5.1755874968252682     
         399   5.3670261595319388     
         400  -7.8096506997756903     
         401  -6.5749610150533861     
         402  -4.9265678928013790     
         403  -3.9016128003821602     
         404  -3.0893719946813776     
         405  -2.4240819989076390     
         406  -1.8484785871235236     
         407  -1.3313567375763289     
         408 -0.85151296821954248     
         409 -0.39455797933514780     
         410   5.1124919473223618E-002
         411  0.49727275969559614     
         412  0.95585443708135986     
         413   1.4371535525612948     
         414   1.9555920235867301     
         415   2.5318811231022353     
         416   3.1976552121119464     
         417   4.0102988946047242     
         418   5.0355465736773741     
         419   6.6841108782563206     
         420   7.9188344192007669     
         421  -13.473554305523715     
         422  -6.7603365480854292     
         423  -5.2052942271314073     
         424  -3.9981560096636297     
         425  -3.1481362057919027     
         426  -2.4591243680804151     
         427  -1.8710089834266748     
         428  -1.3457217925449307     
         429 -0.86030000526797290     
         430 -0.39870066236896201     
         431   5.1149980204008225E-002
         432  0.50168086022338410     
         433  0.96438799086131510     
         434   1.4512779144953598     
         435   1.9776905828807636     
         436   2.5666348210608776     
         437   3.2561836233387385     
         438   4.1065989101568769     
