           1           2         300           1
           1   0.0000000000000000     
           2   0.0000000000000000     
           3   0.0000000000000000     
           4   0.0000000000000000     
           5   0.0000000000000000     
           6   0.0000000000000000     
           7   0.0000000000000000     
           8   0.0000000000000000     
           9   0.0000000000000000     
          10   0.0000000000000000     
          11   0.0000000000000000     
          12   0.0000000000000000     
          13   0.0000000000000000     
          14   0.0000000000000000     
          15   0.0000000000000000     
          16   0.0000000000000000     
          17   0.0000000000000000     
          18   0.0000000000000000     
          19   0.0000000000000000     
          20   0.0000000000000000     
          21   0.0000000000000000     
          22   0.0000000000000000     
          23   0.0000000000000000     
          24   0.0000000000000000     
          25   0.0000000000000000     
          26   0.0000000000000000     
          27   0.0000000000000000     
          28   0.0000000000000000     
          29   0.0000000000000000     
          30   0.0000000000000000     
          31   0.0000000000000000     
          32   0.0000000000000000     
          33   0.0000000000000000     
          34   0.0000000000000000     
          35   0.0000000000000000     
          36   0.0000000000000000     
          37   0.0000000000000000     
          38   0.0000000000000000     
          39   0.0000000000000000     
          40   0.0000000000000000     
          41   0.0000000000000000     
          42   0.0000000000000000     
          43   0.0000000000000000     
          44   0.0000000000000000     
          45   0.0000000000000000     
          46   0.0000000000000000     
          47   0.0000000000000000     
          48   0.0000000000000000     
          49   0.0000000000000000     
          50   0.0000000000000000     
          51   0.0000000000000000     
          52   0.0000000000000000     
          53   0.0000000000000000     
          54   0.0000000000000000     
          55   0.0000000000000000     
          56   0.0000000000000000     
          57   0.0000000000000000     
          58   0.0000000000000000     
          59   0.0000000000000000     
          60   0.0000000000000000     
          61   0.0000000000000000     
          62   0.0000000000000000     
          63   0.0000000000000000     
          64   0.0000000000000000     
          65   0.0000000000000000     
          66   0.0000000000000000     
          67   0.0000000000000000     
          68   0.0000000000000000     
          69   0.0000000000000000     
          70   0.0000000000000000     
          71   0.0000000000000000     
          72   0.0000000000000000     
          73   0.0000000000000000     
          74   0.0000000000000000     
          75   0.0000000000000000     
          76   0.0000000000000000     
          77   0.0000000000000000     
          78   0.0000000000000000     
          79   0.0000000000000000     
          80   0.0000000000000000     
          81   0.0000000000000000     
          82   0.0000000000000000     
          83   0.0000000000000000     
          84   0.0000000000000000     
          85   0.0000000000000000     
          86   0.0000000000000000     
          87   0.0000000000000000     
          88   0.0000000000000000     
          89   0.0000000000000000     
          90   0.0000000000000000     
          91   0.0000000000000000     
          92   0.0000000000000000     
          93   0.0000000000000000     
          94   0.0000000000000000     
          95   0.0000000000000000     
          96   0.0000000000000000     
          97   0.0000000000000000     
          98   0.0000000000000000     
          99   0.0000000000000000     
         100   0.0000000000000000     
         101   0.0000000000000000     
         102   0.0000000000000000     
         103   0.0000000000000000     
         104   0.0000000000000000     
         105   0.0000000000000000     
         106   0.0000000000000000     
         107   0.0000000000000000     
         108   0.0000000000000000     
         109   0.0000000000000000     
         110   0.0000000000000000     
         111   0.0000000000000000     
         112   0.0000000000000000     
         113   0.0000000000000000     
         114   0.0000000000000000     
         115   0.0000000000000000     
         116   0.0000000000000000     
         117   0.0000000000000000     
         118   0.0000000000000000     
         119   0.0000000000000000     
         120   0.0000000000000000     
         121   0.0000000000000000     
         122   0.0000000000000000     
         123   0.0000000000000000     
         124   0.0000000000000000     
         125   0.0000000000000000     
         126   0.0000000000000000     
         127   0.0000000000000000     
         128   0.0000000000000000     
         129   0.0000000000000000     
         130   0.0000000000000000     
         131   0.0000000000000000     
         132   0.0000000000000000     
         133   0.0000000000000000     
         134   0.0000000000000000     
         135   0.0000000000000000     
         136   0.0000000000000000     
         137   0.0000000000000000     
         138   0.0000000000000000     
         139   0.0000000000000000     
         140   0.0000000000000000     
         141   0.0000000000000000     
         142   0.0000000000000000     
         143   0.0000000000000000     
         144   0.0000000000000000     
         145   0.0000000000000000     
         146   0.0000000000000000     
         147   0.0000000000000000     
         148   0.0000000000000000     
         149   0.0000000000000000     
         150   0.0000000000000000     
         151   0.0000000000000000     
         152   0.0000000000000000     
         153   0.0000000000000000     
         154   0.0000000000000000     
         155   0.0000000000000000     
         156   0.0000000000000000     
         157   0.0000000000000000     
         158   0.0000000000000000     
         159   0.0000000000000000     
         160   0.0000000000000000     
         161   0.0000000000000000     
         162   0.0000000000000000     
         163   0.0000000000000000     
         164   0.0000000000000000     
         165   0.0000000000000000     
         166   0.0000000000000000     
         167   0.0000000000000000     
         168   0.0000000000000000     
         169   0.0000000000000000     
         170   0.0000000000000000     
         171   0.0000000000000000     
         172   0.0000000000000000     
         173   0.0000000000000000     
         174   0.0000000000000000     
         175   0.0000000000000000     
         176   0.0000000000000000     
         177   0.0000000000000000     
         178   0.0000000000000000     
         179   0.0000000000000000     
         180   0.0000000000000000     
         181   0.0000000000000000     
         182   0.0000000000000000     
         183   0.0000000000000000     
         184   0.0000000000000000     
         185   0.0000000000000000     
         186   0.0000000000000000     
         187   0.0000000000000000     
         188   0.0000000000000000     
         189   0.0000000000000000     
         190   0.0000000000000000     
         191   0.0000000000000000     
         192   0.0000000000000000     
         193   0.0000000000000000     
         194   0.0000000000000000     
         195   0.0000000000000000     
         196   0.0000000000000000     
         197   0.0000000000000000     
         198   0.0000000000000000     
         199   0.0000000000000000     
         200   0.0000000000000000     
         201   0.0000000000000000     
         202   0.0000000000000000     
         203   0.0000000000000000     
         204   0.0000000000000000     
         205   0.0000000000000000     
         206   0.0000000000000000     
         207   0.0000000000000000     
         208   0.0000000000000000     
         209   0.0000000000000000     
         210   0.0000000000000000     
         211   0.0000000000000000     
         212   0.0000000000000000     
         213   0.0000000000000000     
         214   0.0000000000000000     
         215   0.0000000000000000     
         216   0.0000000000000000     
         217   0.0000000000000000     
         218   0.0000000000000000     
         219   0.0000000000000000     
         220   0.0000000000000000     
         221   0.0000000000000000     
         222   0.0000000000000000     
         223   0.0000000000000000     
         224   0.0000000000000000     
         225   0.0000000000000000     
         226   0.0000000000000000     
         227   0.0000000000000000     
         228   0.0000000000000000     
         229   0.0000000000000000     
         230   0.0000000000000000     
         231   0.0000000000000000     
         232   0.0000000000000000     
         233   0.0000000000000000     
         234   0.0000000000000000     
         235   0.0000000000000000     
         236   0.0000000000000000     
         237   0.0000000000000000     
         238   0.0000000000000000     
         239   0.0000000000000000     
         240   0.0000000000000000     
         241   0.0000000000000000     
         242   0.0000000000000000     
         243   0.0000000000000000     
         244   0.0000000000000000     
         245   0.0000000000000000     
         246   0.0000000000000000     
         247   0.0000000000000000     
         248   0.0000000000000000     
         249   0.0000000000000000     
         250   0.0000000000000000     
         251   0.0000000000000000     
         252   0.0000000000000000     
         253   0.0000000000000000     
         254   0.0000000000000000     
         255   0.0000000000000000     
         256   0.0000000000000000     
         257   0.0000000000000000     
         258   0.0000000000000000     
         259   0.0000000000000000     
         260   0.0000000000000000     
         261   0.0000000000000000     
         262   0.0000000000000000     
         263   0.0000000000000000     
         264   0.0000000000000000     
         265   0.0000000000000000     
         266   0.0000000000000000     
         267   0.0000000000000000     
         268   0.0000000000000000     
         269   0.0000000000000000     
         270   0.0000000000000000     
         271   0.0000000000000000     
         272   0.0000000000000000     
         273   0.0000000000000000     
         274   0.0000000000000000     
         275   0.0000000000000000     
         276   0.0000000000000000     
         277   0.0000000000000000     
         278   0.0000000000000000     
         279   0.0000000000000000     
         280   0.0000000000000000     
         281   0.0000000000000000     
         282   0.0000000000000000     
         283   0.0000000000000000     
         284   0.0000000000000000     
         285   0.0000000000000000     
         286   0.0000000000000000     
         287   0.0000000000000000     
         288   0.0000000000000000     
         289   0.0000000000000000     
         290   0.0000000000000000     
         291   0.0000000000000000     
         292   0.0000000000000000     
         293   0.0000000000000000     
         294   0.0000000000000000     
         295   0.0000000000000000     
         296   0.0000000000000000     
         297   0.0000000000000000     
         298   0.0000000000000000     
         299   0.0000000000000000     
         300   0.0000000000000000     
         301   0.0000000000000000     
         302   0.0000000000000000     
         303   0.0000000000000000     
         304   0.0000000000000000     
         305   0.0000000000000000     
         306   0.0000000000000000     
         307   0.0000000000000000     
         308   0.0000000000000000     
         309   0.0000000000000000     
         310   0.0000000000000000     
         311   0.0000000000000000     
         312   0.0000000000000000     
         313   0.0000000000000000     
         314   0.0000000000000000     
         315   0.0000000000000000     
         316   0.0000000000000000     
         317   0.0000000000000000     
         318   0.0000000000000000     
         319   0.0000000000000000     
         320   0.0000000000000000     
         321   0.0000000000000000     
         322   0.0000000000000000     
         323   0.0000000000000000     
         324   0.0000000000000000     
         325   0.0000000000000000     
         326   0.0000000000000000     
         327   0.0000000000000000     
         328   0.0000000000000000     
         329   0.0000000000000000     
         330   0.0000000000000000     
         331   0.0000000000000000     
         332   0.0000000000000000     
         333   0.0000000000000000     
         334   0.0000000000000000     
         335   0.0000000000000000     
         336   0.0000000000000000     
         337   0.0000000000000000     
         338   0.0000000000000000     
         339   0.0000000000000000     
         340   0.0000000000000000     
         341   0.0000000000000000     
         342   0.0000000000000000     
         343   0.0000000000000000     
         344   0.0000000000000000     
         345   0.0000000000000000     
         346   0.0000000000000000     
         347   0.0000000000000000     
         348   0.0000000000000000     
         349   0.0000000000000000     
         350   0.0000000000000000     
         351   0.0000000000000000     
         352   0.0000000000000000     
         353   0.0000000000000000     
         354   0.0000000000000000     
         355   0.0000000000000000     
         356   0.0000000000000000     
         357   0.0000000000000000     
         358   0.0000000000000000     
         359   0.0000000000000000     
         360   0.0000000000000000     
         361   0.0000000000000000     
         362   0.0000000000000000     
         363   0.0000000000000000     
         364   0.0000000000000000     
         365   0.0000000000000000     
         366   0.0000000000000000     
         367   0.0000000000000000     
         368   0.0000000000000000     
         369   0.0000000000000000     
         370   0.0000000000000000     
         371   0.0000000000000000     
         372   0.0000000000000000     
         373   0.0000000000000000     
         374   0.0000000000000000     
         375   0.0000000000000000     
         376   0.0000000000000000     
         377   0.0000000000000000     
         378   0.0000000000000000     
         379   0.0000000000000000     
         380   0.0000000000000000     
         381   0.0000000000000000     
         382   0.0000000000000000     
         383   0.0000000000000000     
         384   0.0000000000000000     
         385   0.0000000000000000     
         386   0.0000000000000000     
         387   0.0000000000000000     
         388   0.0000000000000000     
         389   0.0000000000000000     
         390   0.0000000000000000     
         391   0.0000000000000000     
         392   0.0000000000000000     
         393   0.0000000000000000     
         394   0.0000000000000000     
         395   0.0000000000000000     
         396   0.0000000000000000     
         397   0.0000000000000000     
         398   0.0000000000000000     
         399   0.0000000000000000     
         400   0.0000000000000000     
         401   0.0000000000000000     
         402   0.0000000000000000     
         403   0.0000000000000000     
         404   0.0000000000000000     
         405   0.0000000000000000     
         406   0.0000000000000000     
         407   0.0000000000000000     
         408   0.0000000000000000     
         409   0.0000000000000000     
         410   0.0000000000000000     
         411   0.0000000000000000     
         412   0.0000000000000000     
         413   0.0000000000000000     
         414   0.0000000000000000     
         415   0.0000000000000000     
         416   0.0000000000000000     
         417   0.0000000000000000     
         418   0.0000000000000000     
         419   0.0000000000000000     
         420   0.0000000000000000     
         421   0.0000000000000000     
         422   0.0000000000000000     
         423   0.0000000000000000     
         424   0.0000000000000000     
         425   0.0000000000000000     
         426   0.0000000000000000     
         427   0.0000000000000000     
         428   0.0000000000000000     
         429   0.0000000000000000     
         430   0.0000000000000000     
         431   0.0000000000000000     
         432   0.0000000000000000     
         433   0.0000000000000000     
         434   0.0000000000000000     
         435   0.0000000000000000     
         436   0.0000000000000000     
         437   0.0000000000000000     
         438   0.0000000000000000     
         439   0.0000000000000000     
         440   0.0000000000000000     
         441   0.0000000000000000     
         442   0.0000000000000000     
         443   0.0000000000000000     
         444   0.0000000000000000     
         445   0.0000000000000000     
         446   0.0000000000000000     
         447   0.0000000000000000     
         448   0.0000000000000000     
         449   0.0000000000000000     
         450   0.0000000000000000     
         451   0.0000000000000000     
         452   0.0000000000000000     
         453   0.0000000000000000     
         454   0.0000000000000000     
         455   0.0000000000000000     
         456   0.0000000000000000     
         457   0.0000000000000000     
         458   0.0000000000000000     
         459   0.0000000000000000     
         460   0.0000000000000000     
         461   0.0000000000000000     
         462   0.0000000000000000     
         463   0.0000000000000000     
         464   0.0000000000000000     
         465   0.0000000000000000     
         466   0.0000000000000000     
           1           3         300           1
           1   0.0000000000000000     
           2  -2.5152458522373214E-004
           3  -2.5771529240533789E-004
           4  -2.5851562989472363E-004
           5  -2.4028792321104290E-004
           6  -2.1004688848103904E-004
           7  -1.6986000030971618E-004
           8  -1.2180983992961196E-004
           9  -6.7749827893530320E-005
          10  -9.4862316988593906E-006
          11   5.1200539301697956E-005
          12   1.1255370056676801E-004
          13   1.7285438970060667E-004
          14   2.3044382677618112E-004
          15   2.8375067760972526E-004
          16   3.3132200349651200E-004
          17   3.7185638917515987E-004
          18   4.0423771441809364E-004
          19   4.2756454755590639E-004
          20   4.4117650791045099E-004
          21   4.4447449698945088E-004
          22  -2.5981052263803519E-004
          23  -2.4344044945663292E-004
          24  -2.7002158795754740E-004
          25  -2.6439045239057930E-004
          26  -2.4535035805844186E-004
          27  -2.1409922214980114E-004
          28  -1.7310687585545207E-004
          29  -1.2427176500205418E-004
          30  -6.9431328364962818E-005
          31  -1.0384509065888499E-005
          32   5.1083321783793064E-005
          33   1.1320582392198062E-004
          34   1.7425186894925892E-004
          35   2.3254875009006903E-004
          36   2.8651012313630185E-004
          37   3.3466749323554363E-004
          38   3.7570406593413785E-004
          39   4.0848909473773968E-004
          40   4.3211066138757143E-004
          41   4.4588727895020284E-004
          42   4.4932484811326090E-004
          43  -2.9753340718161931E-004
          44  -3.0156612533155158E-004
          45  -2.9760953022969858E-004
          46  -2.8708043440329713E-004
          47  -2.6351457845460915E-004
          48  -2.2904329725468545E-004
          49  -1.8510205602663768E-004
          50  -1.3340512821197561E-004
          51  -7.5702235432517856E-005
          52  -1.3781588169580673E-005
          53   5.0552115713083029E-005
          54   1.1549728235161036E-004
          55   1.7927848232159049E-004
          56   2.4017263444275566E-004
          57   2.9653874340642686E-004
          58   3.4685121697347035E-004
          59   3.8973614940583282E-004
          60   4.2400911947881799E-004
          61   4.4871068763387189E-004
          62   4.6313136708640113E-004
          63   4.6672143745537988E-004
          64  -3.5304440300341293E-004
          65  -3.5065668813927465E-004
          66  -3.4176375249733167E-004
          67  -3.2311525012953228E-004
          68  -2.9407593353095374E-004
          69  -2.5455627944234401E-004
          70  -2.0576283432732314E-004
          71  -1.4919749614270754E-004
          72  -8.6563135855132189E-005
          73  -1.9661896367971236E-005
          74   4.9653218350928295E-005
          75   1.1951381967513371E-004
          76   1.8806553082774112E-004
          77   2.5349690959729031E-004
          78   3.1407101554862128E-004
          79   3.6816127025087169E-004
          80   4.1429181705291188E-004
          81   4.5118098083419411E-004
          82   4.7778437809234951E-004
          83   4.9332278425594364E-004
          84   4.9719672471566041E-004
          85  -4.1301877529388472E-004
          86  -4.0980622131429369E-004
          87  -3.9622561320903807E-004
          88  -3.7191906599969878E-004
          89  -3.3655567677096245E-004
          90  -2.9063227310461404E-004
          91  -2.3520940963460334E-004
          92  -1.7179123361272771E-004
          93  -1.0211515037133518E-004
          94  -2.8054384192371580E-005
          95   4.8447208748942095E-005
          96   1.2541684693024704E-004
          97   2.0088394273481470E-004
          98   2.7290874002801845E-004
          99   3.3961421900322996E-004
         100   3.9922445183122770E-004
         101   4.5011046069476444E-004
         102   4.9084239693891914E-004
         103   5.2024343686060410E-004
         104   5.3742894255583954E-004
         105   5.4171881191437867E-004
         106  -4.8503147041457581E-004
         107  -4.8074050855726212E-004
         108  -4.6353160454006427E-004
         109  -4.3359927563017245E-004
         110  -3.9135784520716251E-004
         111  -3.3765895984223554E-004
         112  -2.7381704247155496E-004
         113  -2.0148743596295094E-004
         114  -1.2255300547780155E-004
         115  -3.9027814056585342E-005
         116   4.7004013456572410E-005
         117   1.3342614218114741E-004
         118   2.1811466192031486E-004
         119   2.9896087308278589E-004
         120   3.7390051942955946E-004
         121   4.4095376767247572E-004
         122   4.9827783795765150E-004
         123   5.4423146272003151E-004
         124   5.7744572031126202E-004
         125   5.9688081189631270E-004
         126   6.0174000058361011E-004
         127  -5.7203032131138100E-004
         128  -5.6676589198742392E-004
         129  -5.4578834473197502E-004
         130  -5.0975740096789485E-004
         131  -4.5956312553068499E-004
         132  -3.9650647897501165E-004
         133  -3.2225970413648163E-004
         134  -2.3877465951968922E-004
         135  -1.4818007364681419E-004
         136  -5.2700811429569810E-005
         137   4.5392949976533495E-005
         138   1.4380842967435370E-004
         139   2.4023689662317900E-004
         140   3.3236215189702691E-004
         141   4.1788316514877521E-004
         142   4.9455395690652180E-004
         143   5.6024379249519662E-004
         144   6.1301828748731792E-004
         145   6.5123557590854861E-004
         146   6.7363164803172220E-004
         147   6.7924203658712671E-004
         148  -6.7742459005701045E-004
         149  -6.7104903241534271E-004
         150  -6.4575949450532057E-004
         151  -6.0258627609046029E-004
         152  -5.4289467307341453E-004
         153  -4.6848821302971835E-004
         154  -3.8151240288347520E-004
         155  -2.8432964088172784E-004
         156  -1.7940845198132751E-004
         157  -6.9244821878643243E-005
         158   4.3673527042653823E-005
         159   1.5686289686286500E-004
         160   2.6781217109175380E-004
         161   3.7396480844096458E-004
         162   4.7273239049505135E-004
         163   5.6153205500290122E-004
         164   6.3785287534369938E-004
         165   6.9935806179103840E-004
         166   7.4401863961302416E-004
         167   7.7024520779496409E-004
         168   7.7683081647780057E-004
         169  -8.0501341422180555E-004
         170  -7.9729394470014691E-004
         171  -7.6676789133526711E-004
         172  -7.1489203500072786E-004
         173  -6.4359605438879129E-004
         174  -5.5531701476846938E-004
         175  -4.5281421730149256E-004
         176  -3.3898722574932902E-004
         177  -2.1673546974433053E-004
         178  -8.8874796878467743E-005
         179   4.1886614483923602E-005
         180   1.7289841439649552E-004
         181   3.0145751597176844E-004
         182   4.2473982223916422E-004
         183   5.3982058506563937E-004
         184   6.4370209859137997E-004
         185   7.3337889905372060E-004
         186   8.0596170678311305E-004
         187   8.5886697617247717E-004
         188   8.9002532757510053E-004
         189   8.9787254676415129E-004
         190  -9.5940410799376320E-004
         191  -9.4998957384801960E-004
         192  -9.1288460983906139E-004
         193  -8.5012462500171657E-004
         194  -7.6441351367966166E-004
         195  -6.5904806303516039E-004
         196  -5.3760557449101555E-004
         197  -4.0367370432129200E-004
         198  -2.6068964773895469E-004
         199  -1.1181955710911902E-004
         200   4.0039030864552993E-005
         201   1.9219375796983231E-004
         202   3.4180007909097532E-004
         203   4.8573381545183520E-004
         204   6.2068561538577136E-004
         205   7.4317252685221307E-004
         206   8.4955609161641997E-004
         207   9.3618472278815426E-004
         208   9.9966558843509693E-004
         209   1.0372036190612877E-003
         210   1.0466933072684416E-003
         211  -1.1463674433163022E-003
         212  -1.1347481115547256E-003
         213  -1.0891495657141235E-003
         214  -1.0124761264625711E-003
         215  -9.0858654171487171E-004
         216  -7.8201238887870268E-004
         217  -6.3742304676376660E-004
         218  -4.7930385519190274E-004
         219  -3.1170774393076957E-004
         220  -1.3826769983221285E-004
         221   3.8084367302253625E-005
         222   2.1490334338358791E-004
         223   3.8942138307787344E-004
         224   5.5799801451830830E-004
         225   7.1695714554708930E-004
         226   8.6229309508696432E-004
         227   9.8959151452294373E-004
         228   1.0941346096126187E-003
         229   1.1713177532273252E-003
         230   1.2172168732247455E-003
         231   1.2288773428476955E-003
         232  -1.3733341774521493E-003
         233  -1.3587552663366887E-003
         234  -1.3018779249623891E-003
         235  -1.2070020963938434E-003
         236  -1.0798070815016270E-003
         237  -9.2668418248864409E-004
         238  -7.5380569130653228E-004
         239  -5.6652267091820757E-004
         240  -3.7001662289972402E-004
         241  -1.6801655317542688E-004
         242   3.5732593768307576E-005
         243   2.4097230600580549E-004
         244   4.4476446027201798E-004
         245   6.4254176934458603E-004
         246   8.3019600138210304E-004
         247   1.0035097071192435E-003
         248   1.1571315454603239E-003
         249   1.2847922576401632E-003
         250   1.3800372407243126E-003
         251   1.4371288022727606E-003
         252   1.4517273551860354E-003
         253  -1.6501515734868315E-003
         254  -1.6314508599394502E-003
         255  -1.5590882485445616E-003
         256  -1.4397403330049454E-003
         257  -1.2820850281473990E-003
         258  -1.0953673391818760E-003
         259  -8.8801460535892175E-004
         260  -6.6631712211871546E-004
         261  -4.3375527202510678E-004
         262  -2.0061121155812002E-004
         263   3.3658799699717025E-005
         264   2.6905825821439965E-004
         265   5.0897210440574523E-004
         266   7.4016126841360138E-004
         267   9.6146232611855713E-004
         268   1.1690808211395824E-003
         269   1.3561190053569963E-003
         270   1.5141343962200141E-003
         271   1.6337690508239767E-003
         272   1.7062946385661801E-003
         273   1.7250025966114714E-003
         274  -1.9903416792439038E-003
         275  -1.9656255354092069E-003
         276  -1.8711120419929611E-003
         277  -1.7177665251595911E-003
         278  -1.5193906338753279E-003
         279  -1.2896861742793370E-003
         280  -1.0400074834001542E-003
         281  -7.7962122122576718E-004
         282  -5.0938133767283570E-004
         283  -2.0144970186984802E-004
         284   4.2263069852482988E-005
         285   3.0615419170038668E-004
         286   5.8449748989168734E-004
         287   8.4977468857203747E-004
         288   1.1108912440274117E-003
         289   1.3604202015022829E-003
         290   1.5904831588838600E-003
         291   1.7891964183405188E-003
         292   1.9427975101322535E-003
         293   2.0374489185625796E-003
         294   2.0621663508531181E-003
         295  -2.4133099760325033E-003
         296  -2.3793196992430146E-003
         297  -2.2514324901605712E-003
         298  -2.0490060705815106E-003
         299  -1.7948848818295413E-003
         300  -1.5095216259189490E-003
         301  -1.2081060189232868E-003
         302  -8.9946146046323379E-004
         303  -5.9951806053455681E-004
         304  -4.7741931829883036E-004
         305   1.8722152085885358E-004
         306   5.9482288279005487E-004
         307   6.5691785910219165E-004
         308   9.7065465594809136E-004
         309   1.2752776340864483E-003
         310   1.5775092826615475E-003
         311   1.8633892010298965E-003
         312   2.1179033040340987E-003
         313   2.3205832219781184E-003
         314   2.4485974777877879E-003
         315   2.4825863758809602E-003
         316  -2.9488386963532906E-003
         317  -2.8991540332000084E-003
         318  -2.7177992620809849E-003
         319  -2.4412561490438963E-003
         320  -2.1091900248625785E-003
         321  -1.7519265700592669E-003
         322  -1.3877607304162475E-003
         323  -1.0292038690652538E-003
         324  -7.0238297371754332E-004
         325  -3.6048032702702513E-004
         326   5.5046927638938961E-004
         327   9.3111226044887687E-004
         328   7.9678783350096744E-004
         329   1.0861902100905514E-003
         330   1.4518024401851972E-003
         331   1.8175149308600144E-003
         332   2.1755892443235652E-003
         333   2.5080814785787314E-003
         334   2.7848694812894091E-003
         335   2.9663389138001638E-003
         336   3.0160192679934668E-003
         337  -3.6450065926683199E-003
         338  -3.5678634314640933E-003
         339  -3.2925987965908938E-003
         340  -2.8991417979200586E-003
         341  -2.4565383497931388E-003
         342  -2.0077499278325864E-003
         343  -1.5713077349996918E-003
         344  -1.1492611803027395E-003
         345  -7.9684330415419184E-004
         346  -6.6606468326529489E-004
         347  -1.4806790959059183E-005
         348   7.1613053271497060E-004
         349   8.9841342749004665E-004
         350   1.2133362780840219E-003
         351   1.6350178831145755E-003
         352   2.0722253367380680E-003
         353   2.5214714480844094E-003
         354   2.9643855502777469E-003
         355   3.3580333060772086E-003
         356   3.6333878260744546E-003
         357   3.7105214978095020E-003
         358  -4.6011575052145818E-003
         359  -4.4535735456988834E-003
         360  -4.0033894413710512E-003
         361  -3.4137901107207883E-003
         362  -2.8168127169920657E-003
         363  -2.2592415609408107E-003
         364  -1.7447128928505951E-003
         365  -1.2703262152592438E-003
         366  -8.1489723962350710E-004
         367  -4.5425793326878643E-004
         368  -3.1900745942754583E-005
         369   4.2831271365785669E-004
         370   8.8648326827922932E-004
         371   1.3397928561241434E-003
         372   1.8092049186102447E-003
         373   2.3231318349466400E-003
         374   2.8807512960087253E-003
         375   3.4778772461472938E-003
         376   4.0675990409957379E-003
         377   4.5178434647189340E-003
         378   4.6654117190851781E-003
         379  -5.9678273702021391E-003
         380  -5.7337698477209773E-003
         381  -4.8510804961066530E-003
         382  -3.9283269391263550E-003
         383  -3.1481626762996408E-003
         384  -2.4765039104689083E-003
         385  -1.8895020402654292E-003
         386  -1.3624305456353106E-003
         387  -8.7997843670056396E-004
         388  -4.1211128861126309E-004
         389   2.9357677995845495E-005
         390   4.7056941082193447E-004
         391   9.3553326788512988E-004
         392   1.4255688736854121E-003
         393   1.9529662997885065E-003
         394   2.5396637968781864E-003
         395   3.2113426278817438E-003
         396   3.9915992867373545E-003
         397   4.9144349799005510E-003
         398   5.7971639494870586E-003
         399   6.0312009163881542E-003
         400  -9.1330810595682300E-003
         401  -7.5978068695325262E-003
         402  -5.5704501382821897E-003
         403  -4.3355766230113342E-003
         404  -3.3821155363187041E-003
         405  -2.6223769613216092E-003
         406  -1.9826706093396020E-003
         407  -1.4221799195443356E-003
         408  -9.1151800634631404E-004
         409  -4.3231870651226547E-004
         410   3.0594189094235318E-005
         411   4.9271826174453659E-004
         412   9.7185694010090533E-004
         413   1.4831690688165801E-003
         414   2.0448588612217797E-003
         415   2.6849043143234563E-003
         416   3.4447889166816770E-003
         417   4.3983532815534947E-003
         418   5.6332962282072971E-003
         419   7.6606825475735892E-003
         420   9.1959361945849940E-003
         421  -1.6203392500829208E-002
         422  -7.8331290164003510E-003
         423  -5.9078543760400946E-003
         424  -4.4513378556698124E-003
         425  -3.4507800298075350E-003
         426  -2.6622547768735652E-003
         427  -2.0077528837789123E-003
         428  -1.4374657262753881E-003
         429  -9.2111700675014748E-004
         430  -4.3666631113883990E-004
         431   3.0503751351650119E-005
         432   4.9748099897877851E-004
         433   9.8149235117638055E-004
         434   1.4985635345109230E-003
         435   2.0695341063169332E-003
         436   2.7245522558087135E-003
         437   3.5132798587998496E-003
         438   4.5139494894858813E-003
         439   5.9705362013138183E-003
         440   7.8958236073891994E-003
         441   1.6266149982398219E-002
         442  -1.9223599475254036E-003
         443  -6.2671094516363762E-004
         444   1.0273887532104238E-004
         445  -5.3053875448176905E-004
         446   1.1966391050920583E-003
         447   1.3049816936710229E-003
         448   1.0872493594808891E-003
         449   3.3585685589943985E-005
         450  -2.9704477887277405E-004
         451   4.7768122171388275E-004
         452  -8.8410184749973606E-004
         453  -8.0886631908027424E-004
         454  -6.3190761649060316E-004
         455   5.4317784343156932E-004
         456  -6.1702589178249482E-005
         457   2.8082016393045118E-004
         458  -3.6217709539658954E-004
         459  -9.3510307704117049E-004
         460   8.2066986568289451E-004
         461  -2.7607795014840727E-003
         462   1.4184471983215803E-003
         463   1.3206105551365097E-003
         464   1.2017881216595699E-003
         465   1.1656168489516483E-003
         466   6.6530381800978373E-004
           1           4         300           1
           1   0.0000000000000000     
           2  -3.0947887114459062E-004
           3  -3.3009701167217327E-004
           4  -3.3908118245845479E-004
           5  -3.2792556135845263E-004
           6  -3.0391085607812300E-004
           7  -2.6977602317379779E-004
           8  -2.2778988097304522E-004
           9  -1.7989149447225313E-004
          10  -1.2787330154542001E-004
          11  -7.3442448397456771E-005
          12  -1.8244404251096285E-005
          13   3.6131646005142836E-005
          14   8.8158313524909775E-005
          15   1.3638438092715524E-004
          16   1.7945737320515932E-004
          17   2.1615314108911919E-004
          18   2.4541037751631644E-004
          19   2.6635880664468975E-004
          20   2.7836187185104478E-004
          21   2.8060640942305295E-004
          22  -3.1975493799966427E-004
          23  -3.0704754592038308E-004
          24  -3.4568279273306841E-004
          25  -3.4816513067651881E-004
          26  -3.3547491394475375E-004
          27  -3.1006261999566348E-004
          28  -2.7470527830871563E-004
          29  -2.3151983042028767E-004
          30  -1.8241354268353773E-004
          31  -1.2917561288957406E-004
          32  -7.3522995957953592E-005
          33  -1.7117022638678942E-005
          34   3.8433811887041039E-005
          35   9.1580169602489592E-005
          36   1.4084662035493409E-004
          37   1.8485489317444009E-004
          38   2.2235479394768575E-004
          39   2.5225967604439344E-004
          40   2.7368368136242594E-004
          41   2.8593656035834765E-004
          42   2.8857008739474556E-004
          43  -3.7817307476914372E-004
          44  -3.8354129069103211E-004
          45  -3.8450525195899918E-004
          46  -3.7945178200420303E-004
          47  -3.6083910269058727E-004
          48  -3.3093676986145377E-004
          49  -2.9144558245534409E-004
          50  -2.4420479926910981E-004
          51  -1.9102534778774822E-004
          52  -1.3368873019580505E-004
          53  -7.3941923028167004E-005
          54  -1.3494324568207465E-005
          55   4.5986158222106535E-005
          56   1.0288082368483382E-004
          57   1.5563547215879500E-004
          58   2.0278566505988586E-004
          59   2.4299197358929761E-004
          60   2.7508237226997180E-004
          61   2.9809364372885357E-004
          62   3.1130478681073921E-004
          63   3.1413053195791134E-004
          64  -4.5297243443478957E-004
          65  -4.5193236465075159E-004
          66  -4.4532568635420329E-004
          67  -4.2956764900750068E-004
          68  -4.0335050091164806E-004
          69  -3.6645073485582288E-004
          70  -3.2013947359710657E-004
          71  -2.6602047521640860E-004
          72  -2.0585696659517405E-004
          73  -1.4146216209985488E-004
          74  -7.4651474827232153E-005
          75  -7.2210865306920939E-006
          76   5.9059893873598517E-005
          77   1.2245488633997540E-004
          78   1.8127340908186907E-004
          79   2.3389905567158600E-004
          80   2.7883263386023764E-004
          81   3.1474609303066788E-004
          82   3.4053944163230223E-004
          83   3.5537386465199418E-004
          84   3.5858354337711581E-004
          85  -5.3691354132069300E-004
          86  -5.3442634876344527E-004
          87  -5.2167555986620340E-004
          88  -4.9801705617880619E-004
          89  -4.6298967197361854E-004
          90  -4.1703713487284172E-004
          91  -3.6130401641862358E-004
          92  -2.9741645478242201E-004
          93  -2.2721503918934522E-004
          94  -1.5262564281335315E-004
          95  -7.5588255312813638E-005
          96   1.9714291685949748E-006
          97   7.8143015047890587E-005
          98   1.5102402241572174E-004
          99   2.1872555857438322E-004
         100   2.7940313073133565E-004
         101   3.3131270952218873E-004
         102   3.7288417262925722E-004
         103   4.0279904272318091E-004
         104   4.2004357668059801E-004
         105   4.2381643034512632E-004
         106  -6.3926983864093093E-004
         107  -6.3540838804384354E-004
         108  -6.1753913401004770E-004
         109  -5.8591785189599096E-004
         110  -5.4102175612035972E-004
         111  -4.8385331149855353E-004
         112  -4.1593625568751174E-004
         113  -3.3915568310670581E-004
         114  -2.5559252364151699E-004
         115  -1.6739049754136931E-004
         116  -7.6678821983800443E-005
         117   1.4450641646519228E-005
         118   1.0391837626939887E-004
         119   1.8961425140654885E-004
         120   2.6938284357330396E-004
         121   3.4105847717284869E-004
         122   4.0254364778196300E-004
         123   4.5191362546663380E-004
         124   4.8752785151832923E-004
         125   5.0811239704085442E-004
         126   5.1267019835375292E-004
         127  -7.6565076396681341E-004
         128  -7.6044673485892514E-004
         129  -7.3710980359185680E-004
         130  -6.9653437845590698E-004
         131  -6.3990503650579304E-004
         132  -5.6889161434073928E-004
         133  -4.8558396874395554E-004
         134  -3.9234939077953797E-004
         135  -2.9167790598772577E-004
         136  -1.8604946766931284E-004
         137  -7.7845670653245311E-005
         138   3.0664128814215293E-005
         139   1.3723982008695079E-004
         140   2.3954072477918323E-004
         141   3.3506736263144851E-004
         142   4.2121103048037241E-004
         143   4.9537469249536100E-004
         144   5.5512714481426007E-004
         145   5.9836310871069439E-004
         146   6.2343009271507500E-004
         147   6.2904815996839291E-004
         148  -9.2231989029363146E-004
         149  -9.1554653578577116E-004
         150  -8.8571611196056467E-004
         151  -8.3430558718256595E-004
         152  -7.6323664020596109E-004
         153  -6.7497232730519708E-004
         154  -5.7236179694992789E-004
         155  -4.5845483265107820E-004
         156  -3.3633216033687567E-004
         157  -2.0894983099479619E-004
         158  -7.9003636834070398E-005
         159   5.1106487770431394E-005
         160   1.7908303087299944E-004
         161   3.0237451665290812E-004
         162   4.1803613738631011E-004
         163   5.2284033434656530E-004
         164   6.1348732981970477E-004
         165   6.8683111935825554E-004
         166   7.4010284107110997E-004
         167   7.7109997955576346E-004
         168   7.7813265723433462E-004
         169  -1.1166777169676837E-003
         170  -1.1079306259953335E-003
         171  -1.0699437296052558E-003
         172  -1.0049043793936277E-003
         173  -9.1566611714130489E-004
         174  -8.0572534965737356E-004
         175  -6.7893110619186348E-004
         176  -5.3923212636521089E-004
         177  -3.9051209910977082E-004
         178  -2.3640511177267114E-004
         179  -8.0031066656228165E-005
         180   7.6248338321506870E-005
         181   2.3043154229191424E-004
         182   3.7986715527186431E-004
         183   5.2097166125574825E-004
         184   6.4961808109128942E-004
         185   7.6151699039453034E-004
         186   8.5253262808159653E-004
         187   9.1895296777319091E-004
         188   9.5776995256481254E-004
         189   9.6668774158950599E-004
         190  -1.3579195893489717E-003
         191  -1.3465832751070189E-003
         192  -1.2980086170019669E-003
         193  -1.2153973558653454E-003
         194  -1.1029390969382962E-003
         195  -9.6557518990396526E-004
         196  -8.0846624243934527E-004
         197  -6.3667939630323363E-004
         198  -4.5510909965853705E-004
         199  -2.6846868453681499E-004
         200  -8.0654383187071880E-005
         201   1.0635337737672621E-004
         202   2.9201468829327258E-004
         203   4.7379724199823420E-004
         204   6.4697060072113947E-004
         205   8.0597676061520171E-004
         206   9.4520263099256117E-004
         207   1.0591758903078226E-003
         208   1.1428638386795837E-003
         209   1.1920430647169690E-003
         210   1.2034921889944354E-003
         211  -1.6577760327038411E-003
         212  -1.6429326959956116E-003
         213  -1.5802449973021128E-003
         214  -1.4744956617226534E-003
         215  -1.3319496122676465E-003
         216  -1.1596923095835582E-003
         217  -9.6465163701404911E-004
         218  -7.5299134101533170E-004
         219  -5.3074340190051056E-004
         220  -3.0427848935077155E-004
         221  -8.0076316141770501E-005
         222   1.4103557615416761E-004
         223   3.6361114296080380E-004
         224   5.8580996628974111E-004
         225   7.9954822292167642E-004
         226   9.9723949870127149E-004
         227   1.1715159251430675E-003
         228   1.3154292354422975E-003
         229   1.4219811167480623E-003
         230   1.4850685445296210E-003
         231   1.4999723167899708E-003
         232  -2.0315511457297953E-003
         233  -2.0118028739804250E-003
         234  -1.9297717148105561E-003
         235  -1.7928539511808789E-003
         236  -1.6106907804065030E-003
         237  -1.3937787806743763E-003
         238  -1.1515517639643625E-003
         239  -8.9119840264036783E-004
         240  -6.1744552516960604E-004
         241  -3.4063351508827999E-004
         242  -7.4931991115850094E-005
         243   1.7754871938858581E-004
         244   4.4292138070838315E-004
         245   7.1711358226408137E-004
         246   9.8342328907565770E-004
         247   1.2294242933955095E-003
         248   1.4488101735759761E-003
         249   1.6319455460643824E-003
         250   1.7692571394941764E-003
         251   1.8514229894481555E-003
         252   1.8711662326786763E-003
         253  -2.4997229418408343E-003
         254  -2.4728569326503661E-003
         255  -2.3634283606736588E-003
         256  -2.1833754933556337E-003
         257  -1.9480286937129431E-003
         258  -1.6732386960472941E-003
         259  -1.3730606539910676E-003
         260  -1.0554651004941978E-003
         261  -7.2144643827507481E-004
         262  -3.6471266277309563E-004
         263  -5.1878730495672606E-005
         264   2.0923037924010744E-004
         265   5.2011973643474488E-004
         266   8.7711671196383288E-004
         267   1.2014458125655567E-003
         268   1.5102998136141792E-003
         269   1.7862597426076344E-003
         270   2.0215529716235605E-003
         271   2.2012941403735222E-003
         272   2.3104953685262339E-003
         273   2.3372719221625825E-003
         274  -3.0905907623049325E-003
         275  -3.0529194252029708E-003
         276  -2.9031102746699868E-003
         277  -2.6614320216287331E-003
         278  -2.3530584508862150E-003
         279  -2.0023064174857245E-003
         280  -1.6285841424374687E-003
         281  -1.2512145278992192E-003
         282  -8.5710008218701475E-004
         283  -4.2676307240161295E-004
         284   2.7192334657369934E-005
         285   2.3957179045434597E-004
         286   6.7864208004562781E-004
         287   1.0362769684271018E-003
         288   1.4725592227151653E-003
         289   1.8444834553349688E-003
         290   2.1928706648411470E-003
         291   2.4991494082963537E-003
         292   2.7395945876960716E-003
         293   2.8887826021935271E-003
         294   2.9262805326171247E-003
         295  -3.8449299736259906E-003
         296  -3.7899452638563997E-003
         297  -3.5776240965351234E-003
         298  -3.2446443541625878E-003
         299  -2.8337550696298985E-003
         300  -2.3821765775109889E-003
         301  -1.9161369269425975E-003
         302  -1.4501068041978833E-003
         303  -1.0932187434705008E-003
         304  -1.6144374844263001E-003
         305  -6.5364424722311686E-004
         306   2.1380909312370463E-003
         307   4.0390412995856324E-004
         308   1.3741124211794722E-003
         309   1.7819103049185557E-003
         310   2.2319881502552196E-003
         311   2.6745223443812314E-003
         312   3.0813624017187085E-003
         313   3.4124286234940319E-003
         314   3.6239076698096153E-003
         315   3.6786796581286304E-003
         316  -4.8251524746442198E-003
         317  -4.7400551202123617E-003
         318  -4.4251195008722204E-003
         319  -3.9511422525649381E-003
         320  -3.3936897978705787E-003
         321  -2.8092652438680560E-003
         322  -2.2308965178473071E-003
         323  -1.6787521587724981E-003
         324  -1.3072727150567520E-003
         325  -1.5959499634112711E-003
         326  -3.8219614716988534E-004
         327  -6.1505122046687992E-004
         328   1.7797889242851357E-003
         329   1.6671631895973612E-003
         330   2.1143628516543628E-003
         331   2.6574924097301474E-003
         332   3.2316520860879530E-003
         333   3.7851645490090896E-003
         334   4.2575249642035212E-003
         335   4.5717907466182933E-003
         336   4.6567240388365738E-003
         337  -6.1327791918459554E-003
         338  -5.9925645966825833E-003
         339  -5.4944916346391353E-003
         340  -4.7935982710899184E-003
         341  -4.0239904796597493E-003
         342  -3.2671360161477449E-003
         343  -2.5557515626688275E-003
         344  -1.9000304594774804E-003
         345  -1.3730404569905798E-003
         346  -1.4753695980516545E-003
         347  -3.3184187819543161E-004
         348   1.8092464853739071E-003
         349   4.8302300658215524E-004
         350   1.6551629887878690E-003
         351   2.3704102286371187E-003
         352   3.0952631056870945E-003
         353   3.8535124239964464E-003
         354   4.6231257208717829E-003
         355   5.3238510112770619E-003
         356   5.8218252863555947E-003
         357   5.9620048329196047E-003
         358  -7.9706346558045711E-003
         359  -7.6927272448025453E-003
         360  -6.8463896085913366E-003
         361  -5.7582618513170392E-003
         362  -4.6877894046642495E-003
         363  -3.7221301583593228E-003
         364  -2.8640275808944076E-003
         365  -2.1011028026688486E-003
         366  -1.3878062316751210E-003
         367  -7.4997188081671947E-004
         368  -1.6677612603414771E-004
         369   5.3803832116559121E-004
         370   1.2372401058523038E-003
         371   1.8289049760896394E-003
         372   2.6618496929927534E-003
         373   3.5377598328857110E-003
         374   4.5104340961712799E-003
         375   5.5835365770909341E-003
         376   6.6728015709070932E-003
         377   7.5196235337968405E-003
         378   7.7976350596722175E-003
         379  -1.0681179229808590E-002
         380  -1.0201639529208988E-002
         381  -8.4863049318752975E-003
         382  -6.7363764715920090E-003
         383  -5.3050090192923649E-003
         384  -4.1183881280331082E-003
         385  -3.1200325643829172E-003
         386  -2.2545491141151945E-003
         387  -1.4781163932120619E-003
         388  -7.4438006955303336E-004
         389  -4.7510861643522981E-005
         390   6.1305548287688457E-004
         391   1.2962161064795474E-003
         392   2.0630882533893909E-003
         393   2.9226988579791769E-003
         394   3.9319285953436315E-003
         395   5.1242334298877493E-003
         396   6.5588212105953010E-003
         397   8.3104810765351478E-003
         398   1.0026659552729444E-002
         399   1.0506398880310873E-002
         400  -1.6951556074850410E-002
         401  -1.3883747953366648E-002
         402  -9.8945077136104089E-003
         403  -7.5146541107445342E-003
         404  -5.7446199079567040E-003
         405  -4.3854048872633495E-003
         406  -3.2852724492178627E-003
         407  -2.3553816500259416E-003
         408  -1.5336344032752585E-003
         409  -7.7759083052382288E-004
         410  -6.2965054532216163E-005
         411   6.3983177848469727E-004
         412   1.3704870969278541E-003
         413   2.1747909335551345E-003
         414   3.0998214647766044E-003
         415   4.2005074244057502E-003
         416   5.5630036082292980E-003
         417   7.3357279219505613E-003
         418   9.7174031367327808E-003
         419   1.3707621428842603E-002
         420   1.6775668178735412E-002
         421  -3.1089323782413355E-002
         422  -1.4410572089629359E-002
         423  -1.0537787026076162E-002
         424  -7.7425421822093585E-003
         425  -5.8722117326353226E-003
         426  -4.4571745349355129E-003
         427  -3.3282213539274409E-003
         428  -2.3807020037970908E-003
         429  -1.5487009782108661E-003
         430  -7.8651486483116587E-004
         431  -6.5704703143226105E-005
         432   6.4475170624289798E-004
         433   1.3879649768280115E-003
         434   2.2040928641756741E-003
         435   3.1446834222300709E-003
         436   4.2733481828566844E-003
         437   5.6904768814564710E-003
         438   7.5633024211306885E-003
         439   1.0360337493839165E-002
         440   1.4234158534641711E-002
         441   3.0912965266391805E-002
         442  -1.9840156417225726E-003
         443  -1.8175294565087984E-004
         444   3.0388078669640333E-003
         445  -1.6910754506382953E-003
         446   5.8700856898835500E-004
         447   4.1500994636308654E-003
         448   1.1815995862605386E-003
         449   5.0577907175944235E-005
         450   2.0128383725765164E-003
         451   7.3540100351081480E-005
         452  -1.1123492975056331E-003
         453  -6.4191761472990011E-004
         454  -3.9573459648640855E-003
         455   3.3546476530398793E-004
         456   3.6488408558264768E-004
         457   2.0723923561817197E-003
         458  -1.3575983208334321E-003
         459   1.1080423622881347E-004
         460  -3.1914905953313302E-003
         461  -2.7072327242879950E-003
         462  -5.5222401193220872E-004
         463   2.3565093011612822E-003
         464   2.5269508571704818E-003
         465   5.3108771044856574E-003
         466  -2.5768798275900354E-003
           1           5         300           1
           1   0.0000000000000000     
           2  -9.3884850510532860E-004
           3  -9.8503965334661233E-004
           4  -1.0013921956393708E-003
           5  -9.5172667210283862E-004
           6  -8.5955051765755370E-004
           7  -7.3294731566517007E-004
           8  -5.7920904122316813E-004
           9  -4.0476939276870441E-004
          10  -2.1578568727486679E-004
          11  -1.8270015616878538E-005
          12   1.8188544949510621E-004
          13   3.7894306215607181E-004
          14   5.6738511698151302E-004
          15   7.4199812284193227E-004
          16   8.9796988419692334E-004
          17   1.0309945935751473E-003
          18   1.1373807287517936E-003
          19   1.2141439446088076E-003
          20   1.2590880094763327E-003
          21   1.2702427957333761E-003
          22  -9.6722608112904214E-004
          23  -9.1861323933673498E-004
          24  -1.0281520132965878E-003
          25  -1.0231802158551370E-003
          26  -9.6972979608454162E-004
          27  -8.7389648732989495E-004
          28  -7.4435178962016827E-004
          29  -5.8782368985653508E-004
          30  -4.1063964518447298E-004
          31  -2.1892257254294684E-004
          32  -1.8694142968530400E-005
          33   1.8412420495239550E-004
          34   3.8375506244032548E-004
          35   5.7463476576746233E-004
          36   7.5149999181411953E-004
          37   9.0948670709937117E-004
          38   1.0442376620926821E-003
          39   1.1520122713890143E-003
          40   1.2297908984388937E-003
          41   1.2753037681970390E-003
          42   1.2869514040048842E-003
          43  -1.1187071715827348E-003
          44  -1.1334743482977268E-003
          45  -1.1287354407950383E-003
          46  -1.1032137431024058E-003
          47  -1.0331155632725651E-003
          48  -9.2552760995334086E-004
          49  -7.8556412834865971E-004
          50  -6.1909551935698988E-004
          51  -4.3208317911251745E-004
          52  -2.3056917405041034E-004
          53  -2.0618262335617173E-005
          54   1.9174229496119694E-004
          55   4.0059480323782380E-004
          56   6.0021369197351142E-004
          57   7.8515894468351717E-004
          58   9.5038103068952908E-004
          59   1.0913362229606088E-003
          60   1.2041078635114813E-003
          61   1.2855196546851229E-003
          62   1.3332106748890147E-003
          63   1.3453957214141967E-003
          64  -1.3170506269039298E-003
          65  -1.3105186125902655E-003
          66  -1.2850999245721609E-003
          67  -1.2290362236291573E-003
          68  -1.1386299799235103E-003
          69  -1.0130244343560908E-003
          70  -8.5609744710627431E-004
          71  -6.7286387115522781E-004
          72  -4.6902611507546185E-004
          73  -2.5062260225099808E-004
          74  -2.3852133464815440E-005
          75   2.0505022547398383E-004
          76   4.2991459728516381E-004
          77   6.4473172379974405E-004
          78   8.4375283002958881E-004
          79   1.0216018649655950E-003
          80   1.1734034527729189E-003
          81   1.2949228152612357E-003
          82   1.3827046504057492E-003
          83   1.4341573319011525E-003
          84   1.4473340609754961E-003
          85  -1.5269831515648995E-003
          86  -1.5166062019551722E-003
          87  -1.4740040038193254E-003
          88  -1.3970301564160347E-003
          89  -1.2839415919548745E-003
          90  -1.1358551807729240E-003
          91  -9.5604338796991797E-004
          92  -7.4939966185181965E-004
          93  -5.2167054293449468E-004
          94  -2.7908946451914336E-004
          95  -2.8138340694364505E-005
          96   2.2461027959114614E-004
          97   4.7261030689396596E-004
          98   7.0944081230835088E-004
          99   9.2890465107757557E-004
         100   1.1251449206571833E-003
         101   1.2927891002176247E-003
         102   1.4271180896186417E-003
         103   1.5242416929968200E-003
         104   1.5812203916836577E-003
         105   1.5958462942612481E-003
         106  -1.7736850596285268E-003
         107  -1.7593975289677496E-003
         108  -1.7037015620349832E-003
         109  -1.6068353938760371E-003
         110  -1.4697333966622434E-003
         111  -1.2948637274384470E-003
         112  -1.0863314370806105E-003
         113  -8.4948465704707827E-004
         114  -5.9050965426662170E-004
         115  -3.1608883843264527E-004
         116  -3.3170858036873543E-005
         117   2.5118882038600615E-004
         118   5.2994053977772600E-004
         119   7.9612501470285261E-004
         120   1.0429524339729108E-003
         121   1.2639131092004833E-003
         122   1.4529407923100713E-003
         123   1.6046246948732130E-003
         124   1.7144438728540466E-003
         125   1.7789477901582204E-003
         126   1.7955515651351171E-003
         127  -2.0678864583462794E-003
         128  -2.0500639840253547E-003
         129  -1.9812728793599274E-003
         130  -1.8634092765221176E-003
         131  -1.6991582675033941E-003
         132  -1.4925539117720274E-003
         133  -1.2489078061913496E-003
         134  -9.7452755001636588E-004
         135  -6.7639249648075348E-004
         136  -3.6189014836360885E-004
         137  -3.8624009507716922E-005
         138   2.8572365999029922E-004
         139   6.0348578436070319E-004
         140   9.0705828831514842E-004
         141   1.1889200449719339E-003
         142   1.4417154097130839E-003
         143   1.6584413227818966E-003
         144   1.8327248130413257E-003
         145   1.9591485035373576E-003
         146   2.0335257115736945E-003
         147   2.0527310600362636E-003
         148  -2.4208790001048375E-003
         149  -2.3991382353731982E-003
         150  -2.3156882441704245E-003
         151  -2.1737190939146670E-003
         152  -1.9775580620121662E-003
         153  -1.7329425965973181E-003
         154  -1.4467426396184027E-003
         155  -1.1265856443779753E-003
         156  -7.8054260314707608E-004
         157  -4.1692545121113829E-004
         158  -4.4165318180966534E-005
         159   3.2929655591565403E-004
         160   6.9509757377919667E-004
         161   1.0449464242953213E-003
         162   1.3704809191968119E-003
         163   1.6632790179010848E-003
         164   1.9150869480906211E-003
         165   2.1182013880967228E-003
         166   2.2659345135443796E-003
         167   2.3530374273876202E-003
         168   2.3756075843413219E-003
         169  -2.8449726715058265E-003
         170  -2.8185608606387889E-003
         171  -2.7175791721837108E-003
         172  -2.5466360352569654E-003
         173  -2.3119500269342666E-003
         174  -2.0213526820176816E-003
         175  -1.6836996796860647E-003
         176  -1.3082933562731786E-003
         177  -9.0451998962023895E-004
         178  -4.8176383625216540E-004
         179  -4.9432242105064976E-005
         180   3.8311695658380264E-004
         181   8.0681289553801295E-004
         182   1.2128092962508284E-003
         183   1.5918709159014931E-003
         184   1.9342376801733338E-003
         185   2.2299772744762032E-003
         186   2.4695417020504373E-003
         187   2.6444311169654066E-003
         188   2.7478465050978259E-003
         189   2.7747494696080273E-003
         190  -3.3547938712047030E-003
         191  -3.3225563598144169E-003
         192  -3.1997849478596985E-003
         193  -2.9929691040398707E-003
         194  -2.7108727114339543E-003
         195  -2.3641549935655673E-003
         196  -1.9643069093213386E-003
         197  -1.5227063781442609E-003
         198  -1.0501631085925594E-003
         199  -5.5704829770366661E-004
         200  -5.3944198198836911E-005
         201   4.4855972572283779E-004
         202   9.4067498183994774E-004
         203   1.4137340977806313E-003
         204   1.8577017413334820E-003
         205   2.2610661511554405E-003
         206   2.6116033333441952E-003
         207   2.8971964463018552E-003
         208   3.1067483452671750E-003
         209   3.2311516433514982E-003
         210   3.2636625225884925E-003
         211  -3.9684287768893553E-003
         212  -3.9286832541482342E-003
         213  -3.7780218011134233E-003
         214  -3.5257163172889515E-003
         215  -3.1842761090063098E-003
         216  -2.7684174266072348E-003
         217  -2.2933397688283895E-003
         218  -1.7730849905969691E-003
         219  -1.2195364044589776E-003
         220  -6.4361259704179773E-004
         221  -5.6703213769980235E-005
         222   5.2723009523900587E-004
         223   1.0983277016876681E-003
         224   1.6503050891053109E-003
         225   2.1726132633778433E-003
         226   2.6509601511960968E-003
         227   3.0698978752233667E-003
         228   3.4138921866870339E-003
         229   3.6680761230755404E-003
         230   3.8198052863310985E-003
         231   3.8596743733837341E-003
         232  -4.7089455056564264E-003
         233  -4.6592112464208480E-003
         234  -4.4718019252041339E-003
         235  -4.1604052783483260E-003
         236  -3.7433421222478726E-003
         237  -3.2413510852248206E-003
         238  -2.6748755110343118E-003
         239  -2.0622327391034076E-003
         240  -1.4160957935735559E-003
         241  -7.4204297393273236E-004
         242  -5.6952861271332342E-005
         243   6.2232801064971105E-004
         244   1.2786105743969993E-003
         245   1.9233451400224074E-003
         246   2.5411338184044307E-003
         247   3.1115846854840330E-003
         248   3.6161577855438323E-003
         249   4.0349553057272012E-003
         250   4.3475271714306079E-003
         251   4.5355575382151937E-003
         252   4.5853012795437215E-003
         253  -5.6066917709554484E-003
         254  -5.5431758187299432E-003
         255  -5.3057139002438145E-003
         256  -4.9154394560782817E-003
         257  -4.4000976525966793E-003
         258  -3.7894026135620548E-003
         259  -3.1110669355391379E-003
         260  -2.3889471791032507E-003
         261  -1.6442863632520487E-003
         262  -8.7281933275793096E-004
         263  -3.6690574027816914E-005
         264   7.2220871494121941E-004
         265   1.4690831398279280E-003
         266   2.2336127908802591E-003
         267   2.9679289843761239E-003
         268   3.6504739728711231E-003
         269   4.2624721271865181E-003
         270   4.7785802814546714E-003
         271   5.1693352980548288E-003
         272   5.4070232131196057E-003
         273   5.4704531331232573E-003
         274  -6.7030884918891217E-003
         275  -6.6196755817945884E-003
         276  -6.3112219969444191E-003
         277  -5.8122390081893731E-003
         278  -5.1664070847945286E-003
         279  -4.4171492276966042E-003
         280  -3.6005224146415768E-003
         281  -2.7463205385166002E-003
         282  -1.8808665210429669E-003
         283  -1.1101644605895885E-003
         284  -4.4438178253097891E-004
         285   7.6411217255630600E-004
         286   1.6585368854152840E-003
         287   2.5919735751718039E-003
         288   3.4576611022076242E-003
         289   4.2721273078177571E-003
         290   5.0204567471066955E-003
         291   5.6658038959052194E-003
         292   6.1645950473561157E-003
         293   6.4729316842886356E-003
         294   6.5561803840204968E-003
         295  -8.0573422719911868E-003
         296  -7.9435336935206255E-003
         297  -7.5291145672710773E-003
         298  -6.8745493620007078E-003
         299  -6.0515940661286828E-003
         300  -5.1245528363011430E-003
         301  -4.1408970617745977E-003
         302  -3.1257298766055263E-003
         303  -2.1511444586636689E-003
         304  -1.9788803766055013E-003
         305  -2.7048495137988850E-003
         306  -1.6131913637877293E-003
         307   1.9897009359733093E-003
         308   3.0209869587356354E-003
         309   4.0001893804671295E-003
         310   4.9747465267076085E-003
         311   5.8982596229309415E-003
         312   6.7198093570183378E-003
         313   7.3737163818686155E-003
         314   7.7877914689334299E-003
         315   7.9013854557908152E-003
         316  -9.7597724439144693E-003
         317  -9.5954139488619323E-003
         318  -9.0126245970727839E-003
         319  -8.1252201651150994E-003
         320  -7.0566892175827215E-003
         321  -5.9020735504473551E-003
         322  -4.7192555605865627E-003
         323  -3.5447379726833345E-003
         324  -2.4415675866096115E-003
         325  -1.6527885763822489E-003
         326  -2.9912205504170939E-004
         327  -5.1647267118324442E-004
         328   2.1766967461662639E-003
         329   3.4083741581799522E-003
         330   4.5650890687779222E-003
         331   5.7430777702382049E-003
         332   6.8956413033820314E-003
         333   7.9629586422934311E-003
         334   8.8496665411094220E-003
         335   9.4320503978133127E-003
         336   9.5961760352735043E-003
         337  -1.1957374397306264E-002
         338  -1.1703693921473414E-002
         339  -1.0828723914724770E-002
         340  -9.5766048245753983E-003
         341  -8.1621991716912586E-003
         342  -6.7202887853335331E-003
         343  -5.3094450568656453E-003
         344  -3.9420642702488280E-003
         345  -2.7355572324223678E-003
         346  -2.3231184936398819E-003
         347  -1.3535909386715910E-003
         348   9.5962401411261772E-004
         349   2.5267636098073947E-003
         350   3.7716520762705783E-003
         351   5.1449260906198113E-003
         352   6.5540603401861375E-003
         353   7.9944247327925818E-003
         354   9.4078836584389983E-003
         355   1.0659406165427552E-002
         356   1.1534006428904287E-002
         357   1.1787459549847234E-002
         358  -1.4946310494623975E-002
         359  -1.4477079426097997E-002
         360  -1.3058634869862437E-002
         361  -1.1198147033538981E-002
         362  -9.3038890320748541E-003
         363  -7.5220461728765673E-003
         364  -5.8676127988900413E-003
         365  -4.3319444012290317E-003
         366  -2.8826775366992568E-003
         367  -1.5450966408067637E-003
         368  -2.1111337489650674E-004
         369   1.1972243137002390E-003
         370   2.6854101077678932E-003
         371   4.1545007065133801E-003
         372   5.6937684953399246E-003
         373   7.3484750485544332E-003
         374   9.1301229886573323E-003
         375   1.1024010243671516E-002
         376   1.2884174400869851E-002
         377   1.4302360945642880E-002
         378   1.4771386366187536E-002
         379  -1.9224625389094120E-002
         380  -1.8444709590186920E-002
         381  -1.5695869120248906E-002
         382  -1.2812220178600073E-002
         383  -1.0349743093208384E-002
         384  -8.2133522891507330E-003
         385  -6.3308058845917298E-003
         386  -4.6312847079050794E-003
         387  -3.0564576743085576E-003
         388  -1.5484665016657273E-003
         389  -7.6444525926717014E-005
         390   1.3765783766062274E-003
         391   2.8600488792780644E-003
         392   4.4471227583525140E-003
         393   6.1507357039782959E-003
         394   8.0347226366498138E-003
         395   1.0171498307047685E-002
         396   1.2634055679744450E-002
         397   1.5517623304720526E-002
         398   1.8266320430296787E-002
         399   1.9046054673291107E-002
         400  -2.8820450581439422E-002
         401  -2.4133807484425802E-002
         402  -1.7935019744154464E-002
         403  -1.4081805872057285E-002
         404  -1.1089667403246864E-002
         405  -8.6779315558576757E-003
         406  -6.6298608503863538E-003
         407  -4.8207093443197683E-003
         408  -3.1641200087545473E-003
         409  -1.5980214484209645E-003
         410  -8.0444796927810219E-005
         411   1.4299380005206889E-003
         412   2.9846106682294223E-003
         413   4.6367564156371407E-003
         414   6.4473375657345764E-003
         415   8.4964297058474011E-003
         416   1.0908792150783130E-002
         417   1.3901197517106377E-002
         418   1.7754474446011932E-002
         419   2.3953183709886517E-002
         420   2.8639663964688578E-002
         421  -5.0149568277719825E-002
         422  -2.4980407274457349E-002
         423  -1.8956662459760253E-002
         424  -1.4462192991282229E-002
         425  -1.1311521721791609E-002
         426  -8.8094615954462767E-003
         427  -6.7127234821307237E-003
         428  -4.8723388977849414E-003
         429  -3.1944112541003131E-003
         430  -1.6128748814261658E-003
         431  -8.1645431005160729E-005
         432   1.4447700365047297E-003
         433   3.0154952543823468E-003
         434   4.6895725688165081E-003
         435   6.5293597190303337E-003
         436   8.6270858992899581E-003
         437   1.1129790556594530E-002
         438   1.4280800574358340E-002
         439   1.8775357345020532E-002
         440   2.4799099361099364E-002
         441   4.9967811128019374E-002
         442   1.5919741646387121E-003
         443  -1.0288280886762186E-003
         444   6.8035381278681913E-003
         445   6.1923491461080699E-003
         446  -7.0878661228507027E-003
         447  -6.4777595515813505E-004
         448   1.4095754248188465E-004
         449   8.7554392269691009E-005
         450   5.4647963512461026E-003
         451   6.6892179245194566E-003
         452  -2.8466909256640882E-003
         453   2.4142577319377330E-004
         454  -1.0011593187952120E-002
         455   5.3717470471429827E-003
         456  -3.6580345312851826E-004
         457   9.0071694971783885E-004
         458  -1.3461563014635469E-003
         459   3.7018408759618084E-003
         460   1.9366489958996553E-004
         461  -4.4928766480823671E-003
         462   2.1549583074598204E-003
         463  -3.6764265754571585E-004
         464   1.0002266860930161E-003
         465   4.9477812600000233E-003
         466   2.3598736771938533E-003
           1           6         300           1
           1   0.0000000000000000     
           2  -1.4377599542114243E-003
           3  -1.4629798809739809E-003
           4  -1.4601785319526500E-003
           5  -1.3456291612631247E-003
           6  -1.1599315560990820E-003
           7  -9.1487428133765682E-004
           8  -6.2260664988768256E-004
           9  -2.9409079258434462E-004
          10   5.9879714009636105E-005
          11   4.2858468898722516E-004
          12   8.0139356202741491E-004
          13   1.1678762036383531E-003
          14   1.5179577923341027E-003
          15   1.8421000645478349E-003
          16   2.1314978261889723E-003
          17   2.3782818250412310E-003
          18   2.5757187609166832E-003
          19   2.7183900587572922E-003
          20   2.8023101496537865E-003
          21   2.8244194526838282E-003
          22  -1.4832910067520680E-003
          23  -1.3832843438004571E-003
          24  -1.5302563249784064E-003
          25  -1.4899409759812892E-003
          26  -1.3712031178544203E-003
          27  -1.1801620264002193E-003
          28  -9.3103345008393318E-004
          29  -6.3488360361419361E-004
          30  -3.0256597457654292E-004
          31   5.5184607711321179E-005
          32   4.2763649516731206E-004
          33   8.0412067416254986E-004
          34   1.1741529448796592E-003
          35   1.5275952359481465E-003
          36   1.8548404752971007E-003
          37   2.1470121075032158E-003
          38   2.3961703608315369E-003
          39   2.5955155874759560E-003
          40   2.7395751837181312E-003
          41   2.8243049525982153E-003
          42   2.8467016227221760E-003
          43  -1.6820154137786947E-003
          44  -1.7037364973325566E-003
          45  -1.6761214356268716E-003
          46  -1.6092499725590468E-003
          47  -1.4656044497149152E-003
          48  -1.2574583607561922E-003
          49  -9.9300111199802314E-004
          50  -6.8221054152104257E-004
          51  -3.3538964528599262E-004
          52   3.6835086134515938E-005
          53   4.2366476552537901E-004
          54   8.1426948417913500E-004
          55   1.1979519050787024E-003
          56   1.5643281047515946E-003
          57   1.9035244377062176E-003
          58   2.2063876621506678E-003
          59   2.4647034415085701E-003
          60   2.6714150172253491E-003
          61   2.8208252340018356E-003
          62   2.9087233300159909E-003
          63   2.9319537226311521E-003
          64  -1.9792401108170254E-003
          65  -1.9633469013288886E-003
          66  -1.9089395623131040E-003
          67  -1.7969846073536957E-003
          68  -1.6239573105803972E-003
          69  -1.3892302717955390E-003
          70  -1.0997054270597030E-003
          71  -7.6406319663321269E-004
          72  -3.9225598520846948E-004
          73   5.0878842413493807E-006
          74   4.1696333057493094E-004
          75   8.3222271676057892E-004
          76   1.2397806363473416E-003
          77   1.6288159147958281E-003
          78   1.9889828134659697E-003
          79   2.3106363619687228E-003
          80   2.5850710876732471E-003
          81   2.8047660615850242E-003
          82   2.9636190347389520E-003
          83   3.0570992590045259E-003
          84   3.0818166105018889E-003
          85  -2.2911781977795944E-003
          86  -2.2708202448670544E-003
          87  -2.1906616059743007E-003
          88  -2.0484506753982402E-003
          89  -1.8420852816697234E-003
          90  -1.5742470028092732E-003
          91  -1.2508722966140568E-003
          92  -8.8053364919684512E-004
          93  -4.7325607233309348E-004
          94  -3.9962832398197253E-005
          95   4.0791719456941846E-004
          96   8.5872411525609010E-004
          97   1.3007912267383938E-003
          98   1.7226561395426400E-003
          99   2.1132814776188211E-003
         100   2.4622960350745653E-003
         101   2.7602602540837450E-003
         102   2.9989507362084868E-003
         103   3.1716436347649576E-003
         104   3.2733169038831190E-003
         105   3.3002137057030114E-003
         106  -2.6589052869419811E-003
         107  -2.6326107935545377E-003
         108  -2.5333613189807008E-003
         109  -2.3619140384416046E-003
         110  -2.1203011439236436E-003
         111  -1.8130297507321814E-003
         112  -1.4472939608204099E-003
         113  -1.0323335129803492E-003
         114  -5.7882734465132979E-004
         115  -9.8354609765360357E-005
         116   3.9697281575150882E-004
         117   8.9477241661669313E-004
         118   1.3825961216814438E-003
         119   1.8481285821695128E-003
         120   2.2794065119755343E-003
         121   2.6650718728679365E-003
         122   2.9946687091924706E-003
         123   3.2589819860435231E-003
         124   3.4503954142781532E-003
         125   3.5631718085272464E-003
         126   3.5930243951094419E-003
         127  -3.0955029632607281E-003
         128  -3.0640370527098837E-003
         129  -2.9456153392646341E-003
         130  -2.7434687513510614E-003
         131  -2.4621109537468892E-003
         132  -2.1083316100962836E-003
         133  -1.6910651058586537E-003
         134  -1.2209584084036508E-003
         135  -7.0984751667296211E-004
         136  -1.7032367976560801E-004
         137   3.8457440520518705E-004
         138   9.4155232886640320E-004
         139   1.4871960484671468E-003
         140   2.0081280783970645E-003
         141   2.4912142826767495E-003
         142   2.9238186223608047E-003
         143   3.2941322722867925E-003
         144   3.5915832733169799E-003
         145   3.8073041617366615E-003
         146   3.9345372928118738E-003
         147   3.9682418965170333E-003
         148  -3.6157560160351228E-003
         149  -3.5785490303266061E-003
         150  -3.4388464281417813E-003
         151  -3.2017019942075300E-003
         152  -2.8739680055485887E-003
         153  -2.4648652228365319E-003
         154  -1.9855827130526153E-003
         155  -1.4487004712775756E-003
         156  -8.6765509580539373E-004
         157  -2.5634080613149459E-004
         158   3.7110232970069524E-004
         159   1.0003554589619636E-003
         160   1.6168953467738368E-003
         161   2.2060896099734290E-003
         162   2.7533851987415103E-003
         163   3.2445480511161498E-003
         164   3.6660092947374307E-003
         165   4.0053627082510673E-003
         166   4.2519923791138996E-003
         167   4.3976804485488319E-003
         168   4.4363092188688322E-003
         169  -4.2353167288144032E-003
         170  -4.1913529317760450E-003
         171  -4.0264637453635878E-003
         172  -3.7476751557591085E-003
         173  -3.3644660038622655E-003
         174  -2.8890030286571368E-003
         175  -2.3353253189186728E-003
         176  -1.7185019112194329E-003
         177  -1.0539560462655207E-003
         178  -3.5709836871412561E-004
         179   3.5681467699701346E-004
         180   1.0724684115892651E-003
         181   1.7741807778299408E-003
         182   2.4458641392844137E-003
         183   3.0713301346685720E-003
         184   3.6344032250068166E-003
         185   4.1192696046883411E-003
         186   4.5110456179195801E-003
         187   4.7966472075495394E-003
         188   4.9657326658006044E-003
         189   5.0106171063932928E-003
         190  -4.9726847489945224E-003
         191  -4.9204215736696269E-003
         192  -4.7246214678316571E-003
         193  -4.3948722426817273E-003
         194  -3.9441158892051485E-003
         195  -3.3884024180999574E-003
         196  -2.7455030352741844E-003
         197  -2.0336218366820875E-003
         198  -1.2706196398307376E-003
         199  -4.7339989274352770E-004
         200   3.4172513463545217E-004
         201   1.1590383131931238E-003
         202   1.9615177662562506E-003
         203   2.7315378986732981E-003
         204   3.4509970764501621E-003
         205   4.1015489471599876E-003
         206   4.6645526729358509E-003
         207   5.1217638583493375E-003
         208   5.4565449483383903E-003
         209   5.6553813952908245E-003
         210   5.7082439239173636E-003
         211  -5.8506442992361371E-003
         212  -5.7878698488847110E-003
         213  -5.5530456808293438E-003
         214  -5.1594972354435933E-003
         215  -4.6251811633545720E-003
         216  -3.9715961952932399E-003
         217  -3.2214849277992824E-003
         218  -2.3971861178401564E-003
         219  -1.5190448724270683E-003
         220  -6.0623443390962740E-004
         221   3.2578039659217226E-004
         222   1.2605258781241281E-003
         223   2.1813279987999844E-003
         224   3.0670488121839678E-003
         225   3.8985457277744260E-003
         226   4.6548760478388089E-003
         227   5.3141163274334335E-003
         228   5.8534036662923781E-003
         229   6.2507969994325969E-003
         230   6.4879075660642651E-003
         231   6.5510769574488158E-003
         232  -6.8982143122195017E-003
         233  -6.8217083780378225E-003
         234  -6.5361900720445360E-003
         235  -6.0608690196721987E-003
         236  -5.4214299563115440E-003
         237  -4.6473349505715021E-003
         238  -3.7681297923088338E-003
         239  -2.8108290242315091E-003
         240  -1.8007647191976811E-003
         241  -7.5341010661487127E-004
         242   3.0564439780666889E-004
         243   1.3793064689758227E-003
         244   2.4339677352783282E-003
         245   3.4564912831917156E-003
         246   4.4196750516834428E-003
         247   5.3031779445771093E-003
         248   6.0815907627700940E-003
         249   6.7249950211308333E-003
         250   7.2034311218058368E-003
         251   7.4907836593093944E-003
         252   7.5675639942308645E-003
         253  -8.1535832461931048E-003
         254  -8.0584721770213790E-003
         255  -7.7048441349243102E-003
         256  -7.1217900513762021E-003
         257  -6.3475286092720433E-003
         258  -5.4234651879702060E-003
         259  -4.3883313916513967E-003
         260  -3.2754515049004517E-003
         261  -2.1087630419015973E-003
         262  -9.2999898981841465E-004
         263   3.1260801930796069E-004
         264   1.4898579247823768E-003
         265   2.7286402280484547E-003
         266   3.9042719628869446E-003
         267   5.0166224047627070E-003
         268   6.0538705614151577E-003
         269   6.9812925471267762E-003
         270   7.7591180281151974E-003
         271   8.3449673711456038E-003
         272   8.7002194345862614E-003
         273   8.7955492854237798E-003
         274  -9.6689958878161727E-003
         275  -9.5474633319125278E-003
         276  -9.0984173417364856E-003
         277  -8.3686086238947167E-003
         278  -7.4174868683630855E-003
         279  -6.3049869722564102E-003
         280  -5.0813665780875903E-003
         281  -3.7857325209617663E-003
         282  -2.4507652823573373E-003
         283  -1.0786872922537996E-003
         284  -7.3123303122365856E-005
         285   1.7873337384417727E-003
         286   3.0897937843158310E-003
         287   4.3978114623026898E-003
         288   5.6864145337267250E-003
         289   6.9103443321884526E-003
         290   8.0270544729395561E-003
         291   8.9820395510415638E-003
         292   9.7147149678287192E-003
         293   1.0165360361004672E-002
         294   1.0287102752130873E-002
         295  -1.1519372048640819E-002
         296  -1.1358141266331237E-002
         297  -1.0768072780524886E-002
         298  -9.8302151686975505E-003
         299  -8.6412657096653443E-003
         300  -7.2894031590761809E-003
         301  -5.8418345916150995E-003
         302  -4.3343943550948815E-003
         303  -2.8308617305069631E-003
         304  -2.0875131449470466E-003
         305   3.7312238526815758E-004
         306   1.9966754576308142E-003
         307   3.5215032772896795E-003
         308   4.9265733770300054E-003
         309   6.4151926407332296E-003
         310   7.8706894884576478E-003
         311   9.2291265044903217E-003
         312   1.0422907940742385E-002
         313   1.1363910291276511E-002
         314   1.1955638022307275E-002
         315   1.2117086807466010E-002
         316  -1.3819969266780051E-002
         317  -1.3593125504695554E-002
         318  -1.2780889768099662E-002
         319  -1.1533801848304933E-002
         320  -1.0017340133947776E-002
         321  -8.3604467891780030E-003
         322  -6.6443709161023547E-003
         323  -4.9251631830128303E-003
         324  -3.2136725942363675E-003
         325  -1.4712681710590332E-003
         326   4.0122048067577154E-003
         327   3.6343600379979395E-003
         328   3.8291302852266835E-003
         329   5.4437968018913475E-003
         330   7.1888795944234406E-003
         331   8.9213620156340743E-003
         332   1.0587591981763352E-002
         333   1.2109480753398230E-002
         334   1.3359819434513771E-002
         335   1.4173699995955091E-002
         336   1.4400751829850567E-002
         337  -1.6757146969881384E-002
         338  -1.6417960923059569E-002
         339  -1.5220763821701596E-002
         340  -1.3492611439958656E-002
         341  -1.1517711536855189E-002
         342  -9.4767074557321196E-003
         343  -7.4517126129511639E-003
         344  -5.4590659191482722E-003
         345  -3.6164836355477834E-003
         346  -2.2932710771436434E-003
         347  -3.3259949650910146E-004
         348   2.8277610620918827E-003
         349   4.3304260346107492E-003
         350   5.9973678106448759E-003
         351   7.9958177139159599E-003
         352   1.0028934380943653E-002
         353   1.2076176863093578E-002
         354   1.4055459145591713E-002
         355   1.5786417325022242E-002
         356   1.6985068229200793E-002
         357   1.7324414353378521E-002
         358  -2.0720731401717117E-002
         359  -2.0095556191414690E-002
         360  -1.8190629186722051E-002
         361  -1.5664796667860800E-002
         362  -1.3056364920187396E-002
         363  -1.0562886343272270E-002
         364  -8.2077264953436951E-003
         365  -5.9793937136966768E-003
         366  -3.8445750445450034E-003
         367  -1.8810155400560127E-003
         368   1.4118254560838375E-004
         369   2.2199422540801596E-003
         370   4.4029062537164487E-003
         371   6.5479197418691817E-003
         372   8.7550612301591259E-003
         373   1.1110255295798756E-002
         374   1.3606899942626993E-002
         375   1.6218360609997453E-002
         376   1.8746391414483463E-002
         377   2.0652502904668774E-002
         378   2.1277775176841429E-002
         379  -2.6285198967833177E-002
         380  -2.5328034865772765E-002
         381  -2.1686812512164338E-002
         382  -1.7814803541325187E-002
         383  -1.4459936420300435E-002
         384  -1.1495452226175968E-002
         385  -8.8360874391723628E-003
         386  -6.3941174595057090E-003
         387  -4.1017877489411235E-003
         388  -1.8937378701419235E-003
         389   2.4969538793889517E-004
         390   2.4047661119548308E-003
         391   4.6185721904854603E-003
         392   6.9328561360678265E-003
         393   9.3784761085139844E-003
         394   1.2038273699230594E-002
         395   1.5004877116260168E-002
         396   1.8362000540220219E-002
         397   2.2235740060890311E-002
         398   2.5877937484126340E-002
         399   2.6835130797659704E-002
         400  -3.9048253498878450E-002
         401  -3.2874805075266925E-002
         402  -2.4632839464006896E-002
         403  -1.9508064001910810E-002
         404  -1.5446859973406890E-002
         405  -1.2120409994538195E-002
         406  -9.2423929356176184E-003
         407  -6.6567836878816435E-003
         408  -4.2575648410977133E-003
         409  -1.9727898966757393E-003
         410   2.5562459736611808E-004
         411   2.4863637984779805E-003
         412   4.7792721854067995E-003
         413   7.1857677628064725E-003
         414   9.7779601179336512E-003
         415   1.2659405615511174E-002
         416   1.5988276060559733E-002
         417   2.0051494473023627E-002
         418   2.5177732868386878E-002
         419   3.3420554391281602E-002
         420   3.9594172096003827E-002
         421  -6.7367771527618581E-002
         422  -3.3801682740427143E-002
         423  -2.6026471135657033E-002
         424  -1.9990780048318155E-002
         425  -1.5740681028959515E-002
         426  -1.2295621840402077E-002
         427  -9.3550449171333708E-003
         428  -6.7286089627246531E-003
         429  -4.3015000263398641E-003
         430  -1.9935033118448106E-003
         431   2.5574990102004107E-004
         432   2.5084043011169206E-003
         433   4.8219399543065764E-003
         434   7.2563895724767980E-003
         435   9.8884529144038190E-003
         436   1.2833174105304388E-002
         437   1.6280918116693688E-002
         438   2.0532994550784386E-002
